5.72438e+06
5.56589e+06
5.55077e+06
5.54803e+06
5.52105e+06
5.51511e+06
5.51511e+06
5.5073e+06
5.49015e+06
5.48135e+06
5.48135e+06
5.48135e+06
5.48135e+06
5.48135e+06
5.47842e+06
5.47842e+06
5.47842e+06
5.47842e+06
5.47842e+06
5.47842e+06
5.47461e+06
5.47461e+06
5.47461e+06
5.47461e+06
5.47461e+06
5.47461e+06
5.47461e+06
5.47461e+06
5.47461e+06
5.47461e+06
5.47461e+06
5.47461e+06
5.47461e+06
5.47461e+06
5.47461e+06
5.47461e+06
5.47461e+06
5.47461e+06
5.47461e+06
5.47461e+06
5.47152e+06
5.47152e+06
5.47152e+06
5.47152e+06
5.47152e+06
5.47152e+06
5.47152e+06
5.47152e+06
5.47152e+06
5.47043e+06
5.47043e+06
5.47043e+06
5.47043e+06
5.47043e+06
5.47043e+06
5.47043e+06
5.47043e+06
5.47043e+06
5.47043e+06
5.47043e+06
5.47043e+06
5.46624e+06
5.46624e+06
5.46624e+06
5.46624e+06
5.45561e+06
5.45561e+06
5.45561e+06
5.45561e+06
5.45561e+06
5.45561e+06
5.45561e+06
5.45561e+06
5.45561e+06
5.45561e+06
5.45561e+06
5.45561e+06
5.45561e+06
5.45561e+06
5.45561e+06
5.45561e+06
5.45561e+06
5.45561e+06
5.45561e+06
5.45561e+06
5.45561e+06
5.45561e+06
5.45561e+06
5.45561e+06
5.45561e+06
5.45561e+06
5.45561e+06
5.45561e+06
5.45561e+06
5.45561e+06
5.45561e+06
5.45561e+06
5.45561e+06
5.45561e+06
5.45561e+06
5.45561e+06
5.45561e+06
5.45561e+06
5.45561e+06
5.45561e+06
5.45561e+06
5.45561e+06
5.45561e+06
5.45561e+06
5.45561e+06
5.45561e+06
5.45561e+06
5.45561e+06
5.45561e+06
5.45561e+06
5.45561e+06
5.45561e+06
5.45561e+06
5.45561e+06
5.45561e+06
5.45561e+06
5.45561e+06
5.45561e+06
5.45561e+06
5.45561e+06
5.45561e+06
5.45561e+06
5.45561e+06
5.45561e+06
5.45561e+06
5.45561e+06
5.45561e+06
5.45561e+06
5.45561e+06
5.45561e+06
5.45561e+06
5.45561e+06
5.45561e+06
5.45561e+06
5.45561e+06
5.45561e+06
5.45561e+06
5.44878e+06
5.44878e+06
5.44878e+06
5.44878e+06
5.44878e+06
5.44878e+06
5.44878e+06
5.44878e+06
5.42667e+06
2.63618