5.72438e+06
5.6377e+06
5.59895e+06
5.54071e+06
5.53539e+06
5.52363e+06
5.52363e+06
5.5171e+06
5.5171e+06
5.5171e+06
5.49785e+06
5.49785e+06
5.49785e+06
5.49785e+06
5.49563e+06
5.49563e+06
5.49563e+06
5.49563e+06
5.49563e+06
5.49563e+06
5.48756e+06
5.48756e+06
5.48756e+06
5.48305e+06
5.48305e+06
5.48305e+06
5.48305e+06
5.48172e+06
5.48172e+06
5.48077e+06
5.48077e+06
5.48077e+06
5.48077e+06
5.48077e+06
5.48077e+06
5.46907e+06
5.46907e+06
5.46907e+06
5.46907e+06
5.46907e+06
5.46907e+06
5.46907e+06
5.46907e+06
5.46907e+06
5.46907e+06
5.46907e+06
5.45939e+06
5.45939e+06
5.45939e+06
5.45939e+06
5.45939e+06
5.45939e+06
5.45939e+06
5.45939e+06
5.45939e+06
5.45939e+06
5.45939e+06
5.45939e+06
5.45939e+06
5.45939e+06
5.45939e+06
5.45939e+06
5.45939e+06
5.45939e+06
5.45939e+06
5.45939e+06
5.45939e+06
5.45939e+06
5.45939e+06
5.45939e+06
5.45939e+06
5.45939e+06
5.45939e+06
5.45939e+06
5.45939e+06
5.45939e+06
5.45939e+06
5.45939e+06
5.45939e+06
5.45939e+06
5.45939e+06
5.45939e+06
5.45939e+06
5.45939e+06
5.45939e+06
5.45939e+06
5.45939e+06
5.44962e+06
5.44962e+06
5.44962e+06
5.44962e+06
5.44962e+06
5.44962e+06
5.44962e+06
5.44962e+06
5.44962e+06
5.44962e+06
5.44962e+06
5.44962e+06
5.44962e+06
5.44962e+06
5.44962e+06
5.44962e+06
5.44962e+06
5.44962e+06
5.44962e+06
5.44962e+06
5.44962e+06
5.44962e+06
5.44962e+06
5.44962e+06
5.44962e+06
5.44962e+06
5.44962e+06
5.44962e+06
5.44962e+06
5.44962e+06
5.44962e+06
5.44962e+06
5.44962e+06
5.44962e+06
5.44962e+06
5.44962e+06
5.44962e+06
5.44962e+06
5.44962e+06
5.44962e+06
5.44962e+06
5.44962e+06
5.44962e+06
5.44962e+06
5.44962e+06
5.44962e+06
5.44962e+06
5.44962e+06
5.44962e+06
5.44962e+06
5.44962e+06
5.44962e+06
5.44962e+06
5.44962e+06
5.44962e+06
5.44962e+06
5.44962e+06
5.44962e+06
5.44962e+06
5.44962e+06
5.44962e+06
5.44962e+06
5.44962e+06
5.42667e+06
7.5128