55406
43688
32766
27752
27752
27752
24668
24668
24668
24668
24668
24668
19150
19150
19150
19150
19150
19150
17596
17596
17596
17596
17596
17596
17596
17596
17596
17596
17596
17596
17596
17596
17068
17068
17068
17068
17068
17068
17068
17068
17068
17068
17068
17068
17068
17068
17068
17068
17068
17068
17068
17068
17068
17068
17068
17068
17068
15480
15480
15480
15480
15480
15480
15480
15480
15480
15480
15480
15480
15480
15480
15480
15480
15480
15480
15480
15480
15480
15480
15480
15480
15480
15480
15480
15480
15480
15480
15480
15480
15480
15480
15480
15480
15480
15480
15480
15480
15480
15480
15480
15480
15480
15480
15480
15480
15480
15480
15480
15480
15480
15480
15480
15480
15480
15480
15480
15480
15480
15480
15480
15480
15480
15480
15480
15480
15480
15480
15480
15480
15480
15480
15480
15480
15480
15480
15480
15480
15480
15480
15480
15480
15480
15480
15480
15480
15480
15480
15480
15480
15480
11098
1.22518