35328
34860
33478
32036
27276
31902
28210
35058
33256
34850
34850
34850
31088
31754
32916
36978
36064
32836
32836
33360
28828
31036
27794
27794
27794
30414
30414
27012
29636
29636
24886
29636
25248
25248
25248
24456
30414
30414
31038
30202
30202
31584
25900
27422
27422
27422
25418
25406
27422
27422
27422
27422
27422
28392
27372
27278
28686
28348
28318
28186
23358
23358
28354
28354
33756
26536
25564
26536
26536
26536
26536
26536
30016
30188
28214
28792
26600
26944
26944
26944
27642
27642
31760
31206
30106
31206
29780
27186
27186
27186
26374
27186
26334
26334
26334
23494
23494
23494
23494
23414
23414
23414
23706
23706
23706
23706
23706
23706
31244
31244
31244
27568
29636
26712
26712
23156
23156
26712
25048
25048
22088
22088
22088
22088
22088
26088
26284
25938
23634
23634
18678
23634
22864
19696
19696
22864
18862
19306
22864
20624
20624
26484
23714
28082
26866
27246
23278
23278
18824
23278
9896
1.39051