55406
45322
41992
34720
41992
34720
41992
34720
41992
34720
41992
34720
33762
37412
33762
37412
33762
37412
33762
37412
33762
37412
33762
37412
33762
37412
33762
37412
33762
37412
33762
37412
33762
36620
28168
29130
28046
28168
29130
28046
28168
29130
28046
28168
29130
28046
28168
29130
28046
28168
29130
28046
28168
29130
28046
28168
31810
28168
32614
28168
32614
28168
32614
28168
32614
28168
31560
28168
32614
28168
32614
28168
31560
28168
32614
28168
33456
30842
30842
30842
30842
30842
30842
30842
30842
30842
30842
30842
30842
30842
30842
30842
30842
30842
30842
30842
30842
30842
27306
29970
25636
29150
25636
29150
25636
29150
25636
29150
25636
29150
25636
29150
25636
29150
25636
29150
25636
29150
25636
25872
25636
25872
25636
25872
25636
25872
25636
25872
25636
25872
25636
25872
25636
25872
25636
25872
25636
25872
25636
25872
25636
24998
20994
19270
19270
19270
19270
19270
19270
19270
11098
7.03748