29040
18112
17498
16744
15602
15546
15602
15546
15602
15546
15602
15546
15602
15546
15602
15546
15602
15546
15602
15546
15602
15546
15602
15546
15602
15546
15602
15546
15602
15546
15602
15546
15602
15546
15602
15546
15602
15546
15602
15546
15602
15546
11458
16882
16644
13974
16644
13974
16074
13974
16644
13974
16644
13974
16074
13974
16644
13974
16644
13974
16074
13974
16644
13974
16644
13974
16074
13974
16644
13974
16644
13974
16074
13974
16644
13974
16644
13974
16074
13974
16118
14652
16118
14652
16118
14524
15960
14524
15960
14524
15960
14524
15960
14524
15960
14524
15960
14524
15960
14524
15960
14524
15960
14524
15960
14524
15960
14524
15960
14524
15960
14524
15960
14524
15960
14524
15960
14524
15960
14524
15960
13468
14220
13468
14220
13468
14220
13468
14220
13468
14220
13468
14220
13468
14220
13468
14220
13468
14220
13468
14220
13468
14220
13468
14220
13468
14220
13468
14220
13468
9552
3.89224