29040
29040
22940
22786
20634
20634
20634
20634
20634
21598
20790
20790
20952
22718
19490
19490
22718
23504
25214
24638
22328
19986
26782
16898
16898
24832
22832
25082
27924
23752
22676
23752
18646
25362
24610
21950
21950
20524
22066
22754
22754
22160
22160
22160
22068
20416
20416
25316
25316
25316
23604
23604
25316
23848
20022
20022
25206
25336
26234
27152
23488
24402
24402
24402
24402
24402
26062
23248
24530
24530
21744
26240
21968
20364
21968
21968
23052
21762
21762
21762
21762
18918
21762
21762
26918
27046
26026
26026
18226
18226
21784
26026
20480
20480
26026
26702
24658
24658
24658
22108
23736
24674
25216
22638
22638
22638
22638
22638
22638
23684
18394
23684
18042
18042
21966
21966
24110
22892
23330
24028
22542
24028
20826
21686
18414
18414
24246
25378
23664
23532
23532
23532
22474
22446
23554
23554
24226
24126
24396
24396
24396
24396
20828
24396
24228
24116
24434
22954
22954
20566
9552
0.307569