35328
26624
18892
25968
18892
25968
18892
25968
18892
25968
18892
25968
18892
25968
18892
25968
18892
25968
18892
25968
18892
25968
18892
25968
18892
25968
24022
21352
22374
24854
21352
24854
22374
21352
22374
24854
21352
24854
22374
21352
22374
24854
21352
24854
22374
21352
22374
24854
21352
24854
22374
21352
22374
24854
18516
22586
20450
21744
22740
18516
22586
20450
21744
24854
18516
22586
20450
21744
22740
18516
22586
20450
21744
24854
18516
22586
20450
21744
22740
18516
22586
20450
17776
17908
17776
17908
17776
17908
17776
17908
17776
17908
17776
17908
17776
17908
17776
17908
17776
17908
17776
17908
17776
17908
17776
17908
17776
17908
17776
17908
17776
22644
17776
22644
17776
22644
17776
22644
17776
22644
17776
22644
17776
22644
17776
22644
17776
22644
17776
22644
17776
22644
17776
22644
17776
22644
17776
22644
17776
22644
22158
20828
16774
20828
16774
20828
16774
20828
16774
20828
9896
5.30885