55406
58156
51172
51172
46372
46372
51772
51772
51772
50066
50066
35750
38632
38632
46190
41690
47890
47890
47890
38616
45694
41038
41038
42404
42404
42404
31530
42404
42404
42404
42408
42194
39312
34026
34026
39762
37180
39614
39614
39346
39346
33006
33006
30388
33006
33006
33006
33006
37674
37674
35836
35836
42322
37098
37098
37098
38782
38782
35884
35884
35884
35884
35884
38386
34958
39196
37042
37042
35854
37042
37042
36788
36788
36788
36788
36788
39428
39488
39488
39488
34924
34924
40372
39194
40372
41552
41552
42246
42246
42246
38068
37116
37116
35470
35470
35470
37286
37286
35664
37286
33416
33416
33416
38826
38826
38826
35312
39204
38342
38158
36888
36888
30268
30268
32798
32798
32798
32798
34200
34200
36888
34636
34636
36888
34312
34312
34312
34312
36888
36888
34148
36888
36888
36888
36888
36888
32984
36534
36534
36888
38922
38172
37860
36652
36652
36652
36652
36652
34846
34846
11098
1.49529