29040
23082
23082
23082
23082
23082
23082
23082
23082
23082
23082
23082
23082
23082
23082
23082
23082
23082
23082
23082
23082
23082
23082
23082
23082
23082
23082
23082
23082
23082
23082
23082
23082
23082
23082
23082
23082
23082
23082
23082
23082
23082
23082
23082
23082
23082
23082
23082
23082
23082
23082
23082
23082
23082
23082
23082
23082
23082
23082
23082
23082
23082
23082
23082
23082
23082
23082
23082
23082
21504
21504
21504
21504
21504
21504
21504
21504
21504
21504
21504
21504
21504
21504
21504
21504
21504
21504
21504
21504
21504
21504
21504
21504
21504
21504
21504
21504
21504
21504
21504
21504
21504
21504
21504
21504
21504
21504
21504
21504
21504
21504
21504
21504
21504
21504
21504
21504
21504
21504
21504
21504
21504
21504
21504
21504
21504
21504
21504
21504
21504
21504
21504
21504
21504
21504
21504
21504
21504
21504
21504
21504
21504
21504
21504
21504
21504
21504
21504
21504
21504
9552
8.72093