7028
6846
6458
6054
5274
5274
4584
4584
4584
4150
3908
3908
3908
3908
3790
3790
3790
3790
3548
3548
3548
3548
3502
3502
3496
3496
3496
3496
3242
3242
3242
3242
3242
3242
3242
3242
3242
3242
3242
3242
3242
3242
3242
3242
3242
3242
3242
3242
3242
3242
3242
3242
3242
3242
3242
3242
3242
3242
3242
3242
3242
3242
3242
3242
3242
3242
3242
3242
3242
3242
3242
3242
3242
3242
3242
3242
3242
3242
3242
3242
3242
3242
3242
3242
3242
3242
3242
3242
3242
3242
3104
3104
3104
3104
3104
3104
3104
3104
3104
3104
3104
3104
3104
3104
3104
3104
3060
3060
3060
3060
3060
3060
3060
3060
3060
3060
3060
3060
3060
3060
3060
3060
3060
3060
3022
3022
3022
3022
3022
3022
3022
3022
3022
3022
3022
3022
3022
3022
3022
3022
3022
3022
3022
3022
3022
3022
3022
3022
3022
3022
2192
1.34846