14974
13420
10470
10782
10790
9962
10774
10716
10376
10176
11174
10946
11278
10864
11368
11734
10936
10406
10490
10740
10662
11130
10856
10388
10692
10220
11012
11356
10356
10524
11458
9816
10448
10706
10290
10294
10238
10716
9694
10646
10708
10986
10686
10816
9716
10284
10094
10216
10198
10764
10346
11002
11186
10370
10020
11600
10748
10606
11376
10862
10898
10852
11062
11210
10766
11398
11488
9468
10768
10782
10872
10884
9996
10074
10430
9702
10366
10268
10706
10592
9600
10632
10988
10230
10202
10632
11170
10944
9832
9976
9364
9114
10302
10746
10622
9604
10826
10958
10672
9664
10286
10378
10416
9866
10494
10298
10406
8648
10098
10238
9448
9738
10454
10334
9366
10008
10754
10376
11330
9730
10616
10922
10478
9726
10010
10120
9986
10642
10552
11280
10796
9652
9900
10942
10046
10234
9444
11328
10986
9956
10990
10496
10630
11134
9192
10398
9982
10584
11074
9896
3796
10.7775