7028
6722
7028
5954
5954
5954
5954
6612
7158
7300
7300
6584
6874
6612
5992
5992
6502
6502
6502
6502
6502
6634
6766
6766
6766
6766
6766
6960
6422
6980
6980
6242
6242
6242
6242
6422
6422
6582
6452
6452
6772
6772
6826
5214
6682
6682
6682
5750
6682
6682
6682
6410
6410
6864
6920
5706
6538
6372
5860
5860
5834
7054
7054
6716
6452
6452
6452
6150
6452
6452
5276
5276
7156
6756
6756
6338
6338
6338
6338
6380
6380
6380
6380
6806
6426
6438
6628
6628
6628
6628
6812
6812
6412
6638
6850
6548
6548
6436
6436
6436
6436
6436
5706
5706
5706
6618
6618
6618
6618
6618
6334
6618
6712
6712
6712
6712
6712
6712
6712
6712
6410
6410
6608
6608
6608
5780
5780
5780
5780
5780
6502
6502
6502
6502
6292
6292
6292
6658
7452
7452
6914
6914
6914
6548
5880
5880
6704
6704
6614
6614
2192
0.823328