14974
13354
12982
13354
12982
13354
12982
13354
12724
12438
12672
12438
12672
12438
12672
12438
12672
12438
12672
12438
11460
10440
10186
10186
10186
10186
10186
10186
10186
10186
10186
10186
10186
10832
10186
10832
10186
10832
10186
10832
10186
10832
10186
10832
10186
10756
10170
10170
10170
10170
10170
10170
10170
10170
10170
10170
10170
10170
9778
9272
9202
9202
9202
9202
9202
9202
9202
9202
9202
9202
9202
9302
10310
9212
9800
9912
9202
9302
10310
9212
9800
9912
9202
9302
9544
9776
9544
9678
9234
9678
9234
9678
9234
9678
9234
9678
9234
9602
9602
9602
9602
9602
9602
9602
9602
9602
9602
9602
9602
9602
9158
8988
9158
8988
9158
8988
9158
8988
9158
8988
9158
8988
9158
7766
8122
7766
8122
7766
8122
7766
8122
7766
8122
7766
8122
8814
8122
8814
8122
8814
8122
8814
8122
8814
8122
8814
8122
8814
8814
8814
3796
11.753