10610
10610
10610
10590
10552
10198
9548
9548
10128
10128
9688
9496
9496
9496
9528
9776
9822
9916
9916
9916
9496
9760
9716
8958
8958
9488
9488
9488
9758
9758
9758
9758
9538
9684
9740
9758
9206
9206
9398
9484
9670
9328
9758
9734
9734
9716
9258
8590
8590
9258
9258
9258
9280
9108
9108
9620
9220
9580
9580
9858
9830
9830
9572
9572
9572
9352
9352
9306
9154
9154
8828
8828
9044
8988
9692
9596
8954
9596
9226
9226
9226
9176
9176
9450
9450
9450
8762
8762
8762
8762
8762
9350
9350
8952
9256
9256
9924
9890
9562
9562
9890
9548
9390
9390
9240
9240
9240
9610
9392
9392
9392
9392
9420
9640
8948
8948
8948
8948
8948
8948
9684
9742
9528
9054
9402
9528
9528
9426
9514
9060
9220
8780
9690
9690
9468
9386
9366
9366
9386
9384
9068
9388
8854
8854
9388
9388
9388
9388
9098
9098
6156
1.63604