10610
9676
9676
10682
10022
10694
10378
10802
9748
9748
9190
9190
10116
10116
9780
9780
9780
9780
9780
10290
10290
10296
10018
10018
10296
10296
9854
9558
9558
9352
9558
9558
9558
9558
9558
9558
8618
8618
8618
10028
8746
8746
8746
8746
8746
8746
8746
8746
8746
9240
10014
9914
9032
9032
9032
9032
9032
9032
9616
9396
9396
8942
8942
9422
9616
9498
9498
9498
9498
9498
9616
9616
8922
9278
9278
8824
8824
8824
9252
9252
9252
9252
9252
9252
9252
9252
9252
9252
8814
9252
9252
8740
8740
8740
8740
8740
8740
8740
8740
9420
9420
9420
9220
9180
9180
9420
9420
9420
9680
8714
8714
8714
8714
10002
9922
9922
9922
9922
9922
8584
8584
8584
8584
9904
9824
9824
9460
9460
9824
9736
9844
9712
9844
8678
9844
9778
9844
9960
10074
9812
9966
9762
9966
9966
9928
9778
9766
8674
9226
9226
6156
0.286506