7028
7028
7576
7576
7460
6780
7460
6942
6942
6088
7284
7284
6344
6344
6344
6344
6344
6344
6344
6182
6118
6118
6182
5438
5438
5438
5758
6174
6406
6452
6452
6398
6398
6770
6076
5962
5794
5924
5680
5680
5680
5680
5688
5396
5396
5396
5396
6066
6066
5622
5622
5498
5498
5498
6104
5308
6006
6006
6006
5642
6006
6006
6102
5882
5602
5602
5602
5602
5478
6054
6054
5894
5260
5260
5260
5260
5024
5260
5260
4706
6016
5226
5226
5764
5528
5528
5526
5522
5604
5604
5742
5102
5432
5514
5888
5670
5670
5670
5670
5670
5400
5400
5400
5400
5400
5400
5932
4848
4848
5932
5932
5932
5936
5842
6004
4948
4948
4948
4948
4948
5588
5658
5658
5658
5658
5586
5586
5166
5586
5658
5658
5658
5730
5808
5104
5684
5588
5588
5588
5588
5588
5456
5456
5110
5588
4910
5572
5572
5572
5572
2192
1.78467