10610
8722
8408
8814
8618
7760
8472
8426
8482
7684
8090
8590
8258
8490
8000
8610
8686
8424
8232
7882
7910
8548
8460
8552
8698
8538
8906
8888
8736
8342
8736
8822
8816
8628
8736
8714
8696
8386
8220
8564
8696
9188
8734
8914
8760
8378
8434
8066
8652
8124
8156
8412
9004
8588
9202
9214
8408
8348
8028
8184
8542
7868
8350
8532
8718
8322
8916
7876
8178
8766
8794
7640
7968
8528
8586
8862
8688
8358
8192
8762
8022
7850
8644
7918
8600
9022
7662
8446
8110
8638
8860
8030
8036
8358
9014
8954
8994
8554
8490
8590
8518
9078
8484
8862
8720
8722
8692
8790
8654
8572
8594
8696
8320
8712
8276
8782
8358
8954
8882
8834
8778
8324
8648
8976
8422
8702
8920
7946
8488
8318
8656
8932
7964
8580
8212
8472
8174
8610
8276
8356
8236
8674
8462
8446
8606
8532
8484
8392
8112
8500
6156
8.90829