7028
5914
5850
5706
5422
5326
5326
5326
5322
4754
4728
4728
4728
4728
4568
4568
4568
4420
4420
4420
4420
4420
4420
4420
4420
4420
4420
4420
4420
4420
3942
3690
3690
3690
3690
3690
3690
3690
3690
3690
3690
3690
3690
3690
3690
3690
3690
3690
3690
3690
3690
3690
3690
3690
3690
3690
3690
3690
3690
3690
3690
3690
3690
3690
3690
3690
3690
3690
3690
3690
3690
3552
3552
3552
3552
3552
3552
3552
3552
3552
3552
3552
3552
3552
3552
3552
3552
3552
3552
3552
3552
3552
3552
3552
3552
3552
3552
3552
3552
3552
3552
3552
3552
3552
3552
3552
3552
3552
3552
3552
3552
3552
3552
3552
3552
3552
3552
3552
3552
3552
3552
3552
3552
3552
3552
3552
3552
3552
3552
3552
3552
3552
3552
3552
3552
3552
3552
3552
3552
3552
3552
3552
3552
3552
3552
3552
3552
3552
3552
3552
2192
0.655222