14974
14974
14974
14844
14860
14366
13106
12532
11904
13106
13028
13738
13190
13190
13190
11606
11606
12480
12420
12420
12420
13150
13150
12804
13150
13150
12764
13514
14004
12130
12130
12130
12130
11166
13060
12944
11276
12856
12856
12018
12018
12018
12018
12018
11590
11590
11590
12080
12238
12238
11594
11594
11594
11682
11016
11016
11016
11016
11016
11016
11016
11016
11016
11016
11896
12038
11402
12606
12556
12556
12586
11816
11816
11816
11816
11816
11752
11816
12274
11162
11162
12000
12000
12000
12000
12000
12000
11728
11756
11756
11756
11768
11768
11768
11768
11768
11768
11768
11018
11138
11138
11138
11492
10764
11492
11492
11492
11492
11492
11492
11702
11384
12252
12252
12338
12154
12006
12008
11706
11706
11164
11466
11540
10746
10746
10746
10746
10426
10426
10746
10392
11364
11336
11704
11704
10452
11704
11704
11450
11450
11450
11838
11578
11414
11414
11578
11162
11578
11578
11554
3796
1.74911