14974
14422
13488
13488
13488
13488
12550
12550
12550
12550
12550
12550
12550
12290
11506
11506
13454
12956
13674
13434
11890
13600
13266
13122
13072
11710
13122
13122
13122
13144
13144
13608
13560
13124
13124
13124
12378
13210
13210
13210
13622
13370
13622
13622
13874
13874
12796
12408
13010
12434
12434
13130
13130
13130
13130
12914
13122
13122
13122
13122
12974
12974
12974
13130
13424
14108
14108
13582
13392
13572
12634
12634
12634
12634
12634
12634
12718
12718
12718
12718
12718
12718
12718
12718
12588
12588
13598
13478
13598
13598
12162
12340
12340
12340
12340
12340
11566
11224
13186
11532
11532
11532
11796
11796
11796
11796
11796
11796
12114
11796
11796
12298
12560
12560
12370
11862
12370
12370
12370
11730
11730
11680
11730
12084
12084
11964
12370
12370
12370
12714
12520
12520
12520
11328
12520
12520
12520
11756
11756
11756
11756
11756
11756
11568
11568
11246
11576
11576
11576
11576
3796
0.329273