7028
5730
5730
5548
5478
5478
5006
5006
5006
4808
4808
4808
4730
4528
4528
4136
3634
3634
3634
3634
3634
3634
3634
3634
3634
3634
3634
3634
3634
3634
3634
3634
3634
3634
3634
3634
3634
3634
3634
3634
3634
3634
3634
3634
3634
3634
3634
3634
3634
3634
3634
3634
3634
3634
3634
3634
3634
3634
3634
3634
3634
3634
3634
3634
3634
3634
3634
3634
3634
3634
3634
3634
3634
3634
3634
3634
3634
3634
3634
3634
3634
3634
3634
3634
3634
3634
3634
3634
3634
3634
3634
3634
3634
3634
3634
3634
3634
3634
3634
3634
3634
3634
3634
3634
3634
3634
3634
3634
3634
3634
3634
3634
3634
3634
3634
3634
3634
3634
3634
3634
3634
3634
3634
3634
3634
3634
3634
3634
3634
3634
3634
3634
3634
3634
3634
3634
3634
3634
3634
3634
3634
3634
3634
3634
3634
3634
3634
3634
3634
3634
2192
4.71466