3.08138e+07
2.69876e+07
2.69439e+07
2.54802e+07
2.45095e+07
2.40714e+07
2.40597e+07
2.20851e+07
2.2694e+07
2.24459e+07
2.3108e+07
2.43794e+07
2.22118e+07
2.10999e+07
2.09428e+07
2.40956e+07
2.13338e+07
2.21468e+07
2.07678e+07
2.13715e+07
2.17768e+07
2.21242e+07
2.1851e+07
2.04904e+07
2.04697e+07
2.007e+07
2.22825e+07
2.14056e+07
2.19984e+07
2.31211e+07
2.19913e+07
2.12345e+07
2.23253e+07
1.94128e+07
1.9883e+07
2.01668e+07
1.98508e+07
2.08807e+07
2.27326e+07
2.09511e+07
2.28105e+07
2.13246e+07
2.02618e+07
2.04465e+07
2.07637e+07
2.22734e+07
2.07908e+07
2.04857e+07
1.99209e+07
2.16366e+07
2.00538e+07
2.02848e+07
2.05709e+07
2.22182e+07
2.25622e+07
2.26402e+07
2.14236e+07
2.19212e+07
1.98547e+07
1.98466e+07
2.03892e+07
2.11384e+07
2.08458e+07
1.99177e+07
2.08897e+07
2.21972e+07
2.16302e+07
2.23872e+07
2.15198e+07
2.12388e+07
2.08597e+07
2.07906e+07
2.08781e+07
2.27467e+07
2.0396e+07
2.14186e+07
2.09565e+07
2.1018e+07
2.12382e+07
2.00934e+07
2.02002e+07
2.12434e+07
2.05453e+07
2.09195e+07
2.02994e+07
2.1075e+07
2.05033e+07
2.16563e+07
2.11053e+07
2.0019e+07
2.19862e+07
2.11365e+07
2.14108e+07
2.24444e+07
2.15781e+07
2.17541e+07
2.00829e+07
1.89115e+07
2.12735e+07
2.19392e+07
2.15285e+07
2.31081e+07
2.18054e+07
2.14963e+07
2.07316e+07
2.14209e+07
2.14243e+07
1.96995e+07
2.04338e+07
2.03645e+07
2.27934e+07
1.97918e+07
2.15114e+07
2.21777e+07
2.20638e+07
2.19042e+07
2.25985e+07
2.14132e+07
2.20116e+07
2.0824e+07
2.09153e+07
2.0941e+07
2.21815e+07
2.20987e+07
2.28335e+07
2.15225e+07
2.07605e+07
2.116e+07
2.20125e+07
2.26636e+07
2.08235e+07
2.09777e+07
2.17213e+07
2.25053e+07
2.25082e+07
2.22868e+07
2.10405e+07
1.99167e+07
2.03293e+07
2.01106e+07
2.24602e+07
2.25971e+07
2.11302e+07
2.05089e+07
2.00103e+07
2.04108e+07
2.16087e+07
2.01852e+07
2.14842e+07
2.07553e+07
1.72125e+07
6.82642