3.08138e+07
2.87396e+07
2.76557e+07
2.45189e+07
2.16964e+07
2.09494e+07
2.09494e+07
2.09494e+07
2.04672e+07
2.04672e+07
2.04672e+07
2.04672e+07
2.04672e+07
2.02641e+07
1.97064e+07
1.97064e+07
1.97064e+07
1.97064e+07
1.97064e+07
1.97064e+07
1.97064e+07
1.97064e+07
1.95179e+07
1.95179e+07
1.95179e+07
1.95179e+07
1.95179e+07
1.93239e+07
1.88504e+07
1.88504e+07
1.88504e+07
1.84323e+07
1.84323e+07
1.83995e+07
1.83995e+07
1.824e+07
1.824e+07
1.824e+07
1.824e+07
1.824e+07
1.824e+07
1.824e+07
1.824e+07
1.824e+07
1.82225e+07
1.82225e+07
1.82225e+07
1.81617e+07
1.80031e+07
1.80031e+07
1.80031e+07
1.80031e+07
1.80031e+07
1.80031e+07
1.80031e+07
1.80031e+07
1.80031e+07
1.80031e+07
1.80031e+07
1.80031e+07
1.80031e+07
1.80031e+07
1.80031e+07
1.80031e+07
1.80031e+07
1.80031e+07
1.80031e+07
1.80031e+07
1.80031e+07
1.80031e+07
1.80031e+07
1.80031e+07
1.80031e+07
1.80031e+07
1.80031e+07
1.80031e+07
1.80031e+07
1.78444e+07
1.78444e+07
1.78444e+07
1.78444e+07
1.77977e+07
1.77977e+07
1.77977e+07
1.77977e+07
1.77977e+07
1.77977e+07
1.77977e+07
1.74441e+07
1.74441e+07
1.74441e+07
1.74441e+07
1.74441e+07
1.74441e+07
1.74441e+07
1.74441e+07
1.74441e+07
1.74441e+07
1.74441e+07
1.74441e+07
1.74441e+07
1.74441e+07
1.74441e+07
1.74441e+07
1.74441e+07
1.74441e+07
1.74441e+07
1.74441e+07
1.74441e+07
1.74441e+07
1.74441e+07
1.74441e+07
1.74441e+07
1.74441e+07
1.74441e+07
1.74441e+07
1.74441e+07
1.74441e+07
1.74274e+07
1.74274e+07
1.74274e+07
1.74274e+07
1.74274e+07
1.74274e+07
1.74274e+07
1.74274e+07
1.74274e+07
1.74274e+07
1.74274e+07
1.74274e+07
1.74274e+07
1.74274e+07
1.74274e+07
1.74274e+07
1.74274e+07
1.74274e+07
1.74274e+07
1.74274e+07
1.74269e+07
1.74269e+07
1.74269e+07
1.74269e+07
1.74269e+07
1.74269e+07
1.74269e+07
1.74269e+07
1.74269e+07
1.74269e+07
1.74269e+07
1.74269e+07
1.72125e+07
1.3041