3.08138e+07
2.93733e+07
2.93733e+07
2.56482e+07
2.56482e+07
2.46719e+07
2.25924e+07
2.23542e+07
2.23542e+07
2.23542e+07
2.13672e+07
2.13672e+07
2.01218e+07
2.01218e+07
2.01218e+07
1.98238e+07
1.98238e+07
1.91252e+07
1.91252e+07
1.91252e+07
1.91252e+07
1.91252e+07
1.85443e+07
1.85443e+07
1.85443e+07
1.85443e+07
1.85443e+07
1.85443e+07
1.85443e+07
1.85443e+07
1.85443e+07
1.85443e+07
1.85443e+07
1.85443e+07
1.85443e+07
1.82555e+07
1.82555e+07
1.82555e+07
1.82555e+07
1.82555e+07
1.82555e+07
1.82555e+07
1.82555e+07
1.82555e+07
1.82555e+07
1.81489e+07
1.81489e+07
1.81489e+07
1.81489e+07
1.81489e+07
1.81489e+07
1.81489e+07
1.81489e+07
1.81489e+07
1.81489e+07
1.80127e+07
1.80127e+07
1.80127e+07
1.80127e+07
1.80127e+07
1.80127e+07
1.80127e+07
1.80127e+07
1.79712e+07
1.79712e+07
1.79712e+07
1.79712e+07
1.75689e+07
1.75689e+07
1.75689e+07
1.75689e+07
1.75689e+07
1.75689e+07
1.75689e+07
1.75689e+07
1.75689e+07
1.75689e+07
1.75689e+07
1.75689e+07
1.75689e+07
1.75689e+07
1.75689e+07
1.75689e+07
1.75689e+07
1.75689e+07
1.75689e+07
1.75689e+07
1.75689e+07
1.75689e+07
1.75689e+07
1.75689e+07
1.75689e+07
1.75689e+07
1.75689e+07
1.75689e+07
1.75689e+07
1.75689e+07
1.75689e+07
1.75689e+07
1.75689e+07
1.75689e+07
1.75689e+07
1.75689e+07
1.75689e+07
1.75689e+07
1.75689e+07
1.75689e+07
1.75689e+07
1.75689e+07
1.75689e+07
1.75689e+07
1.75689e+07
1.75689e+07
1.75689e+07
1.75689e+07
1.75689e+07
1.75689e+07
1.75689e+07
1.75689e+07
1.75689e+07
1.75689e+07
1.75689e+07
1.75689e+07
1.75689e+07
1.75689e+07
1.75689e+07
1.75689e+07
1.75689e+07
1.75689e+07
1.75689e+07
1.75689e+07
1.75689e+07
1.75689e+07
1.75689e+07
1.75689e+07
1.75689e+07
1.75689e+07
1.75689e+07
1.75689e+07
1.75689e+07
1.75689e+07
1.75689e+07
1.75689e+07
1.75689e+07
1.75689e+07
1.75689e+07
1.75689e+07
1.75689e+07
1.75689e+07
1.75689e+07
1.72125e+07
4.87869