122610
122610
122610
122610
122610
122610
122610
122610
122610
122610
122610
122610
121840
121840
121840
121840
121840
121840
117360
117360
117360
117360
117360
117360
117360
117360
117360
117360
117360
117360
117360
117360
117360
117360
117360
117360
117360
117360
117360
117360
117360
117360
117360
117360
117360
117360
117360
117360
117360
117360
117360
117360
117360
117360
117360
117360
117360
117360
117360
117360
117360
117360
117360
117360
117360
117360
117360
117360
117360
117360
117360
117360
117360
117360
117360
117360
117360
117360
117360
117360
117360
117360
117360
117360
117360
117360
117360
117360
117360
117360
117360
117360
117360
117360
117360
117360
117360
117360
117360
117360
117360
116520
116520
116520
115650
115650
115650
115650
115650
115650
115650
115650
115650
115650
115650
115650
115650
115650
115650
115650
115650
115650
115650
115650
115650
115250
115250
115250
115250
115250
115250
115250
115250
115250
115250
115250
115250
115250
114550
113950
113950
113950
113950
113950
113950
113950
113950
113950
113950
113950
88900
22.5603