122610
115990
115250
112140
111780
111780
109700
109700
109700
109700
109700
109700
107200
107200
107200
107200
107200
106160
106160
106160
105990
105990
105990
105990
105990
105990
105990
105990
105990
105990
105990
105990
105990
105990
105990
105990
105990
105980
105980
105980
105980
105920
105920
105920
105920
105920
105920
104700
104700
104700
104700
104700
104480
104480
104480
104480
104480
104480
104480
104480
104480
104480
104480
104480
104480
104480
104480
104480
104480
104480
104480
104480
104480
104480
103500
103500
103500
103500
103400
103400
103400
103400
103400
103400
103400
103400
103400
103400
103400
103400
103400
103400
103400
103400
103400
103400
103400
103400
103400
103400
103400
103400
103400
103400
103400
103400
103400
103400
103400
103400
103400
103400
103400
103400
103400
103400
103400
103400
103400
103400
103400
103400
103400
103400
103400
103400
103400
103400
103400
103400
103400
103400
103400
103400
103400
103400
103400
103400
103400
103400
103400
103400
103400
103400
103400
103400
103400
103400
103400
103400
88900
1.16631