32574
32451
32397
32369
32369
32363
32357
32349
32333
32333
32333
32333
32333
32333
32333
32333
32326
32325
32271
32271
32271
32271
32271
32271
32271
32271
32271
32271
32271
32271
32271
32271
32271
32271
32271
32271
32271
32271
32271
32271
32271
32271
32263
32263
32263
32263
32227
32227
32227
32227
32227
32227
32227
32227
32227
32227
32219
32219
32219
32219
32219
32219
32219
32219
32219
32219
32219
32219
32219
32219
32219
32219
32219
32219
32219
32219
32219
32219
32219
32219
32219
32219
32219
32219
32219
32219
32219
32219
32219
32219
32219
32219
32219
32207
32207
32207
32207
32207
32207
32207
32207
32207
32207
32207
32207
32207
32207
32207
32207
32207
32207
32207
32207
32207
32207
32207
32207
32207
32207
32207
32207
32207
32207
32207
32207
32207
32207
32207
32207
32207
32207
32207
32207
32207
32207
32207
32207
32207
32207
32207
32207
32207
32207
32207
32207
32207
32207
32207
32207
32207
31538
1.449