32574
32574
32568
32528
32512
32512
32512
32512
32512
32512
32512
32499
32499
32522
32503
32516
32527
32488
32504
32499
32482
32459
32459
32484
32405
32389
32405
32459
32459
32462
32462
32454
32454
32454
32443
32435
32416
32443
32418
32430
32405
32375
32391
32391
32391
32372
32372
32353
32372
32372
32372
32372
32377
32377
32377
32365
32365
32381
32376
32366
32366
32341
32341
32341
32334
32334
32358
32361
32356
32356
32356
32356
32356
32356
32356
32341
32341
32336
32331
32331
32327
32327
32327
32327
32327
32327
32327
32327
32325
32325
32327
32327
32318
32343
32343
32343
32348
32348
32348
32359
32349
32331
32349
32326
32326
32326
32350
32350
32350
32350
32296
32296
32341
32341
32341
32327
32327
32330
32330
32342
32342
32366
32354
32354
32350
32373
32351
32346
32342
32342
32351
32351
32351
32351
32351
32362
32355
32338
32335
32328
32335
32332
32271
32271
32271
32271
32271
32271
32271
32271
31538
2.97635