63775
63586
63553
63504
63433
63433
63433
63433
63433
63433
63402
63402
63402
63402
63402
63402
63357
63357
63357
63357
63357
63357
63357
63357
63357
63357
63357
63357
63357
63357
63357
63357
63357
63336
63336
63336
63336
63336
63336
63336
63336
63336
63336
63336
63336
63336
63336
63336
63336
63336
63330
63330
63323
63323
63323
63323
63323
63323
63323
63323
63323
63323
63323
63309
63309
63309
63309
63309
63309
63309
63309
63309
63309
63309
63309
63309
63309
63309
63309
63309
63309
63309
63309
63309
63309
63309
63309
63309
63309
63309
63309
63309
63309
63309
63309
63309
63309
63309
63309
63309
63259
63259
63259
63259
63259
63259
63259
63259
63259
63259
63259
63259
63259
63259
63259
63259
63259
63259
63259
63259
63259
63259
63259
63259
63259
63259
63259
63259
63259
63259
63259
63259
63259
63259
63259
63259
63259
63259
63259
63259
63259
63259
63259
63259
63259
63259
63259
63259
63259
63259
62093
2.42478