257986
257939
258129
258024
258014
258014
258014
258014
257904
257991
257990
257881
257816
257896
257944
257798
257798
257798
257798
257776
257776
257776
257776
257825
257824
257814
257808
257775
257708
257708
257678
257678
257586
257648
257689
257622
257698
257597
257699
257667
257641
257592
257539
257539
257525
257505
257465
257525
257563
257551
257561
257547
257431
257431
257363
257431
257431
257431
257431
257462
257462
257462
257461
257461
257437
257437
257437
257437
257408
257408
257408
257398
257398
257398
257381
257398
257398
257392
257377
257377
257377
257296
257296
257296
257296
257194
257171
257194
257194
257263
257243
257168
257201
257190
257190
257168
257168
257190
257185
257185
257185
257185
257147
257081
257076
257081
257081
257016
257016
257081
257081
257018
257018
257036
257036
257047
257047
257047
257066
257066
257066
257066
257066
257031
257031
257031
257031
257031
257066
257066
257116
257116
257116
257108
257047
257049
257049
257049
257049
257049
256983
257049
257066
257053
257035
257078
257054
257054
257054
257039
253195
8.82399