366892
366829
366586
366586
366570
366480
366487
366439
366382
366259
366218
366184
366130
366119
366119
366033
366016
365950
366017
365921
365857
365784
365740
365753
365752
365726
365691
365684
365687
365640
365578
365641
365510
365510
365580
365510
365510
365428
365391
365358
365443
365358
365364
365344
365275
365268
365292
365361
365412
365430
365486
365412
365412
365412
365346
365273
365273
365273
365273
365300
365300
365315
365275
365231
365231
365231
365231
365231
365286
365286
365353
365328
365284
365231
365231
365298
365298
365285
365278
365278
365240
365213
365196
365179
365178
365173
365189
365213
365284
365286
365303
365376
365328
365328
365354
365380
365311
365303
365311
365451
365419
365454
365451
365363
365373
365385
365385
365365
365325
365364
365346
365346
365335
365271
365251
365261
365269
365275
365326
365339
365366
365390
365434
365442
365401
365382
365321
365346
365364
365348
365337
365250
365292
365252
365230
365239
365230
365221
365221
365200
365233
365222
365209
365222
365160
365146
365063
365070
365070
365070
360630
127.633