257986
257986
257986
257986
257932
257876
257876
257876
257876
257876
257876
257876
257876
257876
257876
257876
257822
257822
257822
257780
257679
257679
257660
257660
257660
257660
257660
257660
257660
257660
257643
257643
257643
257643
257643
257643
257643
257622
257622
257556
257529
257529
257529
257529
257529
257529
257529
257529
257529
257529
257529
257529
257529
257529
257529
257529
257529
257529
257529
257529
257529
257529
257529
257529
257529
257529
257529
257529
257529
257529
257529
257529
257529
257529
257529
257452
257452
257452
257452
257452
257452
257452
257452
257452
257452
257452
257452
257452
257452
257452
257452
257452
257452
257452
257452
257452
257452
257452
257452
257452
257452
257452
257452
257452
257452
257452
257452
257452
257452
257432
257432
257432
257432
257432
257432
257432
257432
257432
257432
257432
257432
257432
257432
257432
257432
257432
257366
257366
257366
257366
257366
257366
257366
257366
257366
257366
257366
257366
257366
257366
257366
257366
257366
257366
257366
257366
257366
257362
257362
257362
253195
99.99