173409
173295
173234
173234
173230
173234
173214
173214
173214
173131
173021
173021
173021
173021
173021
173013
173013
172962
172952
172952
172952
173082
173082
173038
173038
173038
172975
172975
172974
172975
172975
172975
172841
172975
172975
172975
172975
172975
172866
172866
172866
173087
173087
173129
173026
173085
173085
173085
173085
173046
173046
173046
173046
173046
173006
173006
173006
172934
172934
173019
173018
172983
173019
172967
172897
172992
172992
173019
173019
173002
173002
173002
172857
172857
172857
172872
172872
172982
172876
172859
172859
172859
172859
172830
172830
172812
172812
172812
172812
172812
172812
172812
172812
172859
172859
172948
172919
172948
172948
172946
172946
172952
172952
172933
172933
172952
172952
172952
172932
172952
172950
172950
172950
172869
172869
172950
172950
172925
172950
172937
172937
172937
172844
172844
172844
172844
172844
172937
172895
172895
172895
172876
172876
172892
172800
172800
172800
172800
172800
172939
172890
172780
172897
172845
172845
172845
172845
172923
172874
172874
169755
1.22949