366892
366736
366399
366337
366168
366131
366062
365940
365961
365856
365823
365846
365918
365911
365795
365787
365790
365783
365692
365778
365756
365810
365754
365765
365778
365830
365799
365773
365858
365769
365798
365856
365733
365796
365741
365743
365775
365783
365721
365746
365835
365852
365770
365532
365540
365661
365674
365596
365641
365645
365712
365731
365847
365764
365789
365711
365722
365637
365648
365600
365743
365754
365792
365807
365716
365688
365683
365708
365734
365710
365760
365704
365762
365723
365668
365686
365763
365789
365705
365772
365708
365838
365796
365799
365735
365813
365814
365834
365775
365877
365920
365907
365835
365670
365682
365856
365830
365779
365709
365620
365747
365730
365784
365813
365675
365562
365456
365582
365675
365686
365688
365701
365704
365738
365650
365616
365655
365673
365654
365699
365645
365752
365789
365766
365773
365758
365808
365715
365635
365765
365736
365600
365695
365801
365689
365704
365666
365703
365720
365723
365734
365648
365693
365785
365732
365671
365732
365774
365694
365705
360630
123.413