63775
63722
63655
63624
63620
63565
63565
63532
63484
63448
63388
63388
63388
63388
63388
63388
63388
63380
63321
63321
63311
63311
63290
63290
63290
63279
63279
63279
63279
63279
63258
63258
63258
63236
63236
63236
63236
63236
63171
63171
63171
63171
63171
63171
63171
63171
63171
63171
63171
63171
63171
63171
63171
63171
63171
63171
63171
63171
63171
63171
63140
63140
63140
63140
63140
63140
63140
63140
63140
63140
63140
63140
63140
63140
63132
63132
63132
63132
63132
63132
63132
63132
63132
63132
63132
63132
63115
63115
63106
63106
63106
63106
63106
63106
63106
63106
63106
63106
63106
63106
63106
63106
63094
63094
63094
63094
63094
63094
63094
63094
63094
63094
63094
63094
63091
63091
63091
63091
63091
63091
63091
63091
63091
63091
63091
63091
63091
63091
63091
63091
63091
63091
63091
63091
63091
63091
63091
63091
63091
63091
63091
63091
63091
63091
63091
63091
63091
63091
63091
63091
62093
4.08233