257986
257863
257840
257840
257817
257772
257695
257703
257638
257627
257589
257561
257494
257444
257411
257407
257333
257332
257332
257264
257226
257264
257195
257126
257124
257113
257087
257063
256978
256923
256917
256928
256913
256938
257010
257068
257039
257069
257000
256986
256967
257019
256922
256922
256922
256873
256862
256901
256858
256848
256696
256696
256696
256774
256809
256785
256774
256774
256774
256732
256849
256732
256748
256745
256748
256808
256809
256808
256782
256782
256782
256811
256784
256803
256813
256912
256813
256784
256777
256777
256697
256697
256697
256720
256764
256644
256644
256713
256713
256713
256570
256547
256570
256571
256565
256612
256616
256624
256616
256616
256652
256616
256698
256648
256689
256678
256655
256642
256663
256672
256663
256700
256700
256700
256695
256688
256654
256681
256682
256709
256719
256767
256744
256735
256708
256687
256687
256674
256674
256586
256575
256579
256654
256720
256676
256803
256794
256807
256858
256784
256825
256784
256784
256876
256809
256754
256638
256720
256672
256647
253195
102.601