366892
366802
366466
366364
366362
366127
366127
366127
366055
366048
365895
365814
365814
365794
365794
365794
365791
365693
365693
365668
365606
365606
365606
365549
365549
365520
365520
365520
365520
365520
365520
365516
365516
365516
365516
365341
365341
365341
365341
365338
365338
365338
365338
365338
365338
365338
365338
365338
365338
365338
365338
365338
365338
365338
365338
365338
365338
365338
365338
365338
365338
365333
365333
365333
365321
365280
365280
365280
365280
365250
365250
365250
365250
365250
365250
365206
365178
365178
365178
365159
365159
365159
365159
365159
365159
365159
365159
365159
365159
365159
365159
365159
365159
365159
365159
365159
365159
365159
365159
365159
365159
365159
365149
365149
365136
365136
365136
365136
365136
365136
365136
365122
365122
365122
365119
365119
365119
365119
365119
365077
365077
365077
365077
365077
365077
365077
365077
365077
365077
365077
365077
365077
365077
365077
365077
365077
365077
365077
365077
365077
365077
365077
365077
365077
365077
365077
365077
365077
365041
365041
360630
65.0122