63775
63695
63625
63548
63556
63542
63528
63520
63498
63488
63458
63449
63475
63439
63453
63481
63509
63460
63466
63478
63448
63453
63472
63502
63481
63477
63474
63454
63457
63400
63446
63490
63522
63466
63491
63513
63446
63491
63495
63515
63484
63513
63543
63485
63497
63505
63511
63450
63497
63427
63471
63511
63519
63474
63491
63514
63442
63449
63446
63505
63488
63472
63465
63494
63413
63483
63497
63517
63505
63404
63454
63481
63471
63490
63481
63502
63534
63513
63514
63481
63484
63401
63435
63445
63489
63493
63516
63461
63497
63469
63483
63502
63469
63458
63484
63462
63478
63498
63455
63457
63500
63507
63502
63501
63448
63425
63431
63430
63491
63474
63539
63524
63465
63474
63450
63476
63440
63475
63515
63497
63446
63466
63483
63498
63530
63499
63500
63441
63503
63473
63536
63511
63522
63490
63500
63528
63462
63495
63495
63522
63545
63491
63457
63479
63488
63461
63474
63474
63477
63488
62093
39.7239