109824
109752
109716
109659
109659
109617
109633
109600
109565
109585
109532
109526
109525
109499
109472
109455
109470
109465
109410
109422
109388
109422
109388
109426
109388
109339
109304
109303
109256
109256
109256
109256
109256
109256
109256
109256
109271
109256
109257
109217
109243
109265
109232
109226
109230
109226
109277
109226
109219
109212
109219
109207
109194
109207
109191
109191
109114
109107
109114
109145
109184
109162
109184
109191
109193
109184
109194
109175
109164
109203
109179
109164
109136
109129
109131
109129
109131
109121
109112
109088
109088
109088
109088
109088
109088
109114
109088
109024
109038
109046
109108
109078
109078
109078
109078
109049
109012
109035
109050
109057
109057
109057
109057
109103
109057
109043
109057
109069
109051
109054
109023
109049
109028
109046
109028
109068
109028
109022
109041
109022
109082
109022
109060
109116
109060
109084
109049
109069
109017
109017
109017
109033
109017
108962
109003
109019
109009
109024
109024
109024
109024
109027
109006
109014
109006
108999
109019
108999
109019
109071
107218
58.8895