32574
32574
32574
32563
32563
32563
32563
32563
32563
32563
32563
32563
32563
32540
32524
32524
32524
32524
32524
32502
32492
32492
32492
32492
32451
32451
32451
32451
32451
32451
32451
32451
32451
32451
32451
32451
32451
32451
32451
32451
32451
32451
32451
32451
32451
32451
32451
32451
32451
32441
32441
32441
32441
32441
32441
32441
32441
32441
32441
32441
32441
32441
32441
32441
32441
32441
32441
32441
32441
32441
32441
32441
32441
32441
32441
32441
32441
32441
32441
32441
32441
32441
32441
32441
32441
32441
32441
32441
32441
32441
32441
32441
32441
32441
32441
32441
32441
32441
32441
32441
32441
32441
32441
32441
32441
32441
32441
32441
32441
32441
32441
32441
32441
32441
32441
32441
32441
32441
32441
32441
32441
32441
32441
32441
32441
32441
32441
32441
32441
32441
32441
32441
32441
32441
32441
32441
32441
32441
32441
32441
32441
32441
32441
32441
32441
32441
32421
32421
32421
32402
31538
34.759