173409
173184
173107
173005
172998
172830
172895
172838
172761
172682
172759
172725
172690
172750
172717
172716
172645
172647
172739
172651
172629
172723
172699
172634
172686
172673
172732
172603
172684
172680
172709
172771
172698
172744
172688
172727
172672
172643
172695
172718
172708
172695
172671
172643
172658
172706
172613
172728
172677
172673
172561
172687
172720
172716
172694
172671
172682
172741
172733
172669
172639
172742
172734
172719
172721
172690
172706
172721
172714
172651
172669
172609
172611
172585
172670
172682
172675
172658
172714
172689
172695
172640
172700
172651
172664
172716
172727
172692
172671
172641
172627
172645
172747
172750
172634
172578
172611
172582
172648
172684
172692
172757
172732
172700
172656
172664
172689
172728
172626
172655
172631
172554
172622
172684
172693
172719
172643
172692
172650
172647
172675
172742
172726
172693
172699
172692
172682
172593
172632
172681
172655
172689
172689
172719
172667
172714
172747
172729
172761
172709
172680
172666
172647
172612
172605
172653
172694
172652
172663
172643
169755
76.4097