173409
173245
173125
173085
173042
173042
172938
172915
172823
172823
172734
172712
172649
172645
172645
172641
172609
172602
172577
172538
172538
172538
172538
172528
172528
172491
172464
172447
172447
172439
172439
172389
172389
172389
172389
172349
172349
172349
172349
172349
172336
172336
172322
172242
172242
172220
172220
172220
172220
172220
172220
172220
172187
172147
172147
172147
172147
172147
172147
172147
172147
172147
172147
172071
172071
172071
172071
172071
172071
172071
172071
172071
172071
172071
172071
172071
172071
172071
172071
172071
172071
172071
172071
172071
172071
172071
172071
172068
172064
172064
172064
172064
172064
172064
172064
172064
172022
172022
172022
172022
172022
172022
172022
172022
172022
172022
172022
172022
172022
172022
172022
172022
172022
172022
172022
172022
172022
172022
172022
171978
171963
171963
171963
171963
171963
171963
171963
171963
171963
171963
171963
171963
171963
171963
171963
171963
171963
171963
171963
171963
171963
171963
171963
171963
171963
171963
171963
171963
171963
171963
169755
7.08844