257986
257922
257829
257727
257479
257479
257398
257344
257295
257230
257157
257157
257157
257157
257156
257098
257098
257098
257055
257055
257055
256992
256992
256992
256992
256992
256992
256992
256992
256910
256910
256910
256910
256910
256910
256869
256869
256869
256869
256869
256869
256843
256843
256843
256843
256843
256840
256840
256828
256797
256797
256750
256750
256750
256750
256750
256750
256750
256750
256750
256750
256750
256741
256741
256741
256741
256741
256741
256741
256741
256715
256715
256715
256715
256715
256715
256715
256715
256715
256715
256715
256715
256715
256715
256715
256713
256713
256713
256713
256713
256713
256713
256638
256638
256638
256638
256638
256638
256638
256638
256638
256638
256638
256638
256638
256638
256638
256638
256638
256638
256638
256638
256638
256638
256638
256569
256569
256569
256569
256569
256569
256569
256569
256569
256569
256569
256569
256569
256569
256569
256569
256569
256569
256569
256569
256569
256569
256569
256569
256569
256569
256569
256569
256533
256533
256533
256533
256533
256533
256533
253195
52.3484