109824
109734
109734
109711
109661
109623
109623
109661
109574
109561
109561
109574
109589
109589
109589
109589
109534
109534
109589
109589
109626
109626
109596
109596
109596
109596
109688
109688
109625
109643
109643
109643
109643
109643
109647
109647
109647
109647
109681
109581
109661
109604
109504
109442
109442
109504
109504
109504
109498
109504
109504
109446
109504
109504
109524
109524
109524
109524
109544
109544
109544
109544
109454
109571
109488
109488
109488
109497
109489
109489
109562
109502
109502
109502
109502
109502
109505
109484
109484
109496
109496
109508
109467
109502
109502
109513
109513
109513
109521
109486
109463
109475
109475
109475
109475
109475
109475
109475
109475
109475
109475
109475
109475
109435
109435
109435
109435
109435
109435
109435
109435
109435
109435
109435
109435
109435
109435
109435
109504
109421
109451
109451
109477
109495
109495
109495
109495
109495
109462
109462
109462
109462
109462
109462
109462
109462
109393
109393
109393
109393
109393
109393
109393
109462
109454
109462
109435
109440
109440
109462
107218
0.835113