63775
63775
63775
63775
63775
63775
63775
63775
63775
63775
63775
63775
63775
63775
63775
63775
63775
63716
63716
63716
63716
63716
63716
63716
63716
63716
63716
63716
63716
63716
63716
63716
63716
63716
63716
63716
63716
63716
63705
63705
63705
63705
63705
63705
63705
63705
63690
63690
63690
63690
63690
63690
63690
63690
63690
63690
63690
63690
63690
63639
63639
63639
63639
63639
63639
63639
63639
63639
63639
63639
63639
63639
63639
63639
63639
63639
63639
63639
63639
63639
63615
63615
63615
63615
63615
63615
63615
63615
63615
63615
63615
63615
63615
63615
63615
63615
63615
63615
63615
63615
63601
63578
63578
63578
63578
63578
63578
63578
63578
63578
63578
63578
63578
63578
63575
63575
63575
63575
63575
63575
63575
63575
63575
63575
63575
63575
63575
63575
63575
63575
63575
63575
63575
63575
63575
63575
63575
63575
63575
63569
63569
63569
63569
63569
63569
63569
63569
63569
63569
63569
62093
87.4276