63775
63792
63792
63792
63787
63745
63741
63758
63760
63758
63758
63758
63732
63699
63699
63699
63684
63699
63699
63699
63663
63663
63663
63699
63699
63678
63717
63644
63653
63653
63653
63636
63588
63588
63588
63588
63550
63588
63588
63522
63522
63581
63540
63540
63556
63556
63556
63556
63550
63550
63550
63538
63556
63549
63549
63539
63556
63552
63548
63525
63525
63514
63511
63511
63511
63511
63508
63500
63511
63501
63501
63523
63459
63505
63500
63483
63483
63483
63483
63486
63502
63502
63502
63463
63490
63451
63458
63490
63481
63481
63478
63419
63477
63449
63481
63459
63434
63434
63434
63459
63459
63459
63468
63452
63452
63452
63452
63452
63452
63449
63450
63428
63450
63429
63452
63452
63452
63401
63401
63401
63464
63442
63442
63440
63440
63406
63411
63411
63411
63411
63411
63411
63411
63411
63403
63403
63403
63403
63391
63403
63411
63411
63428
63428
63407
63428
63417
63417
63417
63426
62093
3.79501