257986
257472
257347
257228
257228
257217
257217
257099
257075
256947
256947
256947
256947
256939
256939
256939
256939
256939
256939
256939
256939
256939
256939
256895
256895
256895
256895
256895
256895
256895
256895
256895
256895
256879
256879
256879
256879
256879
256838
256838
256838
256838
256838
256838
256785
256785
256785
256785
256785
256785
256785
256785
256757
256757
256757
256742
256742
256742
256742
256742
256742
256742
256742
256742
256742
256742
256742
256742
256742
256742
256742
256709
256709
256709
256709
256706
256706
256706
256706
256706
256706
256706
256706
256706
256706
256625
256625
256625
256625
256625
256625
256625
256625
256625
256625
256625
256625
256625
256625
256625
256625
256625
256590
256590
256590
256590
256590
256590
256561
256561
256561
256561
256561
256561
256561
256561
256561
256561
256561
256561
256561
256561
256561
256561
256561
256561
256561
256561
256561
256561
256561
256561
256561
256561
256561
256561
256561
256561
256561
256561
256561
256561
256561
256561
256561
256561
256561
256561
256561
256561
253195
5.72123