32574
32586
32568
32502
32481
32471
32502
32500
32489
32489
32483
32483
32477
32432
32432
32432
32432
32466
32466
32466
32466
32466
32455
32431
32466
32466
32436
32437
32462
32401
32401
32401
32421
32421
32400
32421
32421
32421
32421
32421
32421
32420
32420
32421
32421
32421
32421
32421
32411
32411
32411
32411
32411
32411
32411
32411
32411
32411
32411
32411
32388
32388
32351
32404
32404
32420
32435
32435
32375
32435
32398
32398
32416
32435
32414
32414
32427
32426
32360
32360
32360
32403
32403
32403
32403
32403
32379
32415
32415
32415
32415
32413
32413
32415
32403
32415
32415
32420
32420
32420
32413
32413
32420
32420
32420
32406
32406
32406
32394
32406
32406
32409
32408
32409
32409
32409
32409
32409
32409
32409
32371
32409
32369
32369
32369
32386
32386
32386
32386
32386
32386
32386
32386
32377
32377
32377
32386
32381
32381
32386
32386
32386
32386
32386
32386
32386
32385
32385
32311
32367
31538
0.468423