63775
63867
63756
63781
63777
63765
63700
63737
63639
63639
63606
63639
63639
63639
63623
63639
63639
63639
63614
63592
63594
63594
63614
63619
63619
63552
63571
63571
63571
63571
63571
63619
63619
63619
63619
63619
63619
63619
63619
63619
63619
63619
63619
63619
63619
63619
63610
63631
63582
63582
63582
63582
63582
63619
63619
63598
63653
63653
63653
63633
63585
63633
63633
63633
63596
63596
63571
63571
63571
63571
63571
63571
63571
63571
63571
63577
63539
63539
63539
63539
63539
63539
63539
63539
63539
63539
63539
63539
63539
63539
63583
63559
63581
63569
63569
63569
63569
63569
63569
63581
63559
63559
63568
63579
63579
63579
63579
63578
63578
63578
63576
63576
63576
63576
63576
63576
63576
63576
63576
63576
63576
63576
63576
63576
63576
63576
63576
63576
63565
63559
63559
63526
63526
63526
63526
63526
63526
63526
63526
63526
63526
63552
63552
63552
63566
63564
63564
63564
63564
63520
62093
0.706849