109824
109476
109380
109265
109265
109265
109265
109265
109265
109265
109265
109236
109236
109236
109236
109236
109236
109230
109230
109140
109140
109140
109140
109140
109140
109140
109140
109140
109140
109140
109140
109140
109140
109140
109140
109140
109140
109140
109140
109140
109140
109140
109140
109140
109108
109108
109108
109108
109108
109108
109108
109108
109108
109108
109108
109108
109108
109108
109108
109108
109108
109108
109108
109108
109106
109106
109106
109106
109106
109106
109092
109092
109092
109092
109092
109092
109092
109092
109092
109092
109092
109092
109092
109092
109092
109092
109092
109092
109092
109092
109092
109092
109092
109092
109092
109092
109092
109092
109092
109092
109092
109092
109092
109092
109092
109092
109092
109092
109092
109092
109092
109072
109072
109072
109072
109072
109072
109072
109072
109072
109072
109072
109072
109072
109072
109072
109072
109072
109072
109072
109072
109072
109072
109072
109072
109072
109072
109072
109072
109072
109054
109054
109054
109054
109054
109054
109054
109054
109054
109054
107218
3.03729