63775
63769
63760
63720
63712
63717
63633
63574
63574
63615
63574
63615
63574
63534
63534
63534
63534
63532
63545
63550
63532
63516
63512
63516
63527
63516
63527
63407
63422
63407
63422
63468
63422
63468
63488
63486
63488
63470
63481
63470
63483
63502
63483
63502
63483
63492
63476
63481
63476
63409
63409
63409
63409
63394
63380
63359
63371
63359
63371
63359
63359
63359
63359
63359
63333
63359
63333
63325
63333
63325
63333
63392
63333
63392
63333
63349
63365
63349
63365
63344
63355
63323
63311
63323
63311
63328
63337
63328
63337
63372
63337
63372
63337
63348
63363
63366
63379
63360
63379
63360
63340
63340
63340
63340
63363
63340
63374
63340
63356
63340
63372
63355
63367
63361
63327
63322
63322
63322
63322
63292
63305
63292
63318
63292
63318
63292
63336
63333
63292
63273
63269
63247
63231
63276
63231
63276
63231
63265
63228
63248
63248
63248
63248
63248
63306
63248
63306
63248
63268
63248
62093
41.5839