109824
109824
109795
109795
109778
109778
109681
109681
109692
109758
109774
109700
109700
109700
109674
109644
109600
109600
109566
109566
109566
109536
109566
109566
109565
109565
109565
109535
109535
109560
109566
109566
109566
109496
109496
109545
109545
109540
109495
109453
109487
109487
109487
109487
109451
109451
109451
109402
109402
109444
109444
109439
109439
109439
109439
109439
109439
109415
109439
109439
109439
109383
109395
109415
109415
109415
109372
109372
109407
109407
109407
109407
109407
109407
109407
109397
109353
109353
109353
109407
109407
109364
109364
109358
109364
109364
109364
109323
109323
109364
109364
109342
109315
109315
109315
109304
109304
109304
109279
109279
109279
109256
109287
109287
109287
109304
109268
109268
109304
109229
109229
109229
109229
109258
109258
109258
109275
109253
109253
109295
109298
109267
109256
109309
109285
109285
109285
109285
109280
109280
109274
109274
109265
109265
109274
109262
109274
109275
109258
109211
109242
109242
109275
109230
109256
109275
109266
109266
109266
109269
107218
5.04366