257986
258051
257930
258034
258062
258010
258006
257917
257917
258007
257975
257847
257784
257784
257784
257784
257784
257722
257722
257722
257722
257722
257672
257705
257774
257787
257652
257652
257652
257652
257624
257591
257424
257590
257590
257563
257563
257549
257563
257576
257472
257472
257472
257536
257536
257523
257523
257484
257484
257508
257517
257486
257486
257490
257461
257409
257490
257420
257420
257420
257367
257367
257420
257490
257390
257390
257390
257390
257390
257390
257390
257390
257390
257390
257384
257384
257371
257371
257390
257390
257390
257390
257390
257390
257390
257390
257390
257390
257390
257254
257254
257254
257254
257254
257254
257254
257385
257385
257458
257458
257458
257458
257458
257452
257452
257497
257497
257500
257500
257500
257510
257510
257510
257510
257348
257286
257286
257348
257348
257348
257348
257348
257348
257348
257348
257348
257317
257320
257348
257348
257245
257245
257245
257245
257245
257245
257245
257245
257245
257245
257245
257245
257245
257245
257245
257245
257245
257245
257245
257242
253195
1.85847