173409
173046
172976
172865
172700
172700
172700
172700
172664
172664
172664
172619
172619
172602
172602
172602
172595
172586
172586
172586
172586
172586
172586
172586
172562
172562
172562
172562
172562
172562
172505
172505
172503
172503
172503
172503
172440
172440
172440
172440
172440
172440
172440
172440
172440
172440
172440
172440
172440
172440
172440
172440
172440
172440
172440
172440
172440
172405
172405
172405
172338
172338
172338
172338
172338
172338
172338
172338
172338
172338
172338
172338
172305
172305
172305
172305
172305
172305
172305
172305
172305
172305
172305
172305
172305
172305
172305
172305
172305
172305
172305
172305
172305
172305
172305
172305
172305
172305
172305
172305
172305
172305
172305
172305
172305
172305
172305
172305
172305
172305
172305
172305
172305
172305
172305
172305
172305
172305
172305
172305
172305
172305
172305
172305
172305
172305
172305
172305
172271
172271
172271
172271
172271
172271
172271
172271
172271
172271
172271
172271
172271
172271
172271
172271
172271
172271
172271
172271
172271
172271
169755
4.39063