366892
366867
366867
366867
366818
366818
366818
366818
366818
366816
366816
366765
366765
366724
366724
366724
366656
366656
366563
366498
366498
366498
366498
366486
366486
366420
366420
366420
366420
366377
366317
366317
366317
366317
366317
366317
366317
366317
366317
366317
366317
366317
366289
366204
366204
366204
366204
366204
366204
366204
366204
366204
366204
366119
366119
366119
366119
366119
366119
366119
366119
366069
366069
366069
366069
366069
366069
366069
366069
365961
365879
365879
365879
365879
365879
365879
365879
365879
365879
365879
365879
365879
365879
365879
365879
365879
365879
365879
365879
365879
365879
365879
365879
365879
365879
365879
365879
365879
365879
365879
365879
365879
365879
365879
365879
365879
365879
365879
365879
365879
365751
365751
365751
365751
365751
365751
365751
365751
365751
365751
365751
365751
365751
365751
365751
365751
365751
365751
365751
365751
365615
365615
365615
365615
365615
365615
365615
365615
365615
365615
365615
365615
365615
365615
365615
365615
365562
365562
365562
365562
360630
122.579