109824
109669
109590
109563
109467
109437
109353
109360
109349
109398
109371
109372
109354
109324
109300
109301
109300
109316
109331
109304
109275
109307
109288
109299
109336
109299
109255
109256
109351
109268
109256
109346
109334
109303
109318
109366
109327
109317
109362
109346
109283
109338
109286
109322
109283
109358
109375
109367
109360
109329
109330
109391
109324
109237
109303
109316
109339
109341
109240
109340
109246
109345
109317
109380
109326
109311
109292
109265
109316
109278
109224
109235
109217
109140
109160
109164
109223
109266
109240
109307
109350
109355
109344
109376
109367
109344
109333
109361
109307
109236
109232
109271
109305
109282
109322
109309
109253
109324
109289
109294
109325
109283
109323
109308
109329
109276
109293
109296
109341
109316
109243
109290
109308
109274
109328
109292
109199
109307
109341
109300
109274
109290
109243
109234
109239
109262
109244
109248
109225
109227
109215
109277
109339
109315
109300
109351
109233
109149
109259
109287
109267
109252
109292
109292
109261
109254
109237
109273
109290
109285
107218
55.9745