257986
257880
257837
257749
257684
257643
257583
257577
257479
257459
257393
257393
257223
257201
257122
257122
257100
257089
257089
257089
257049
257030
256954
256954
256954
256892
256866
256866
256866
256866
256866
256866
256842
256768
256734
256734
256734
256734
256662
256662
256646
256646
256580
256580
256558
256552
256552
256552
256552
256552
256552
256552
256552
256552
256552
256552
256552
256552
256552
256552
256542
256542
256542
256542
256542
256542
256508
256508
256508
256508
256407
256407
256407
256407
256407
256392
256392
256392
256392
256319
256319
256319
256319
256319
256319
256319
256319
256319
256319
256319
256319
256288
256288
256264
256264
256264
256264
256264
256264
256264
256264
256264
256264
256264
256264
256264
256264
256264
256264
256253
256253
256253
256253
256253
256253
256253
256253
256253
256253
256253
256253
256221
256221
256221
256221
256221
256221
256221
256210
256210
256210
256184
256184
256184
256184
256184
256184
256184
256184
256184
256184
256184
256184
256184
256184
256184
256184
256184
256184
256119
253195
9.00579