6594
6198
6102
6018
6018
6002
6002
6002
6002
6002
5966
5946
5926
5926
5924
5924
5924
5924
5878
5878
5878
5878
5876
5876
5822
5822
5822
5822
5822
5822
5822
5810
5804
5798
5798
5798
5798
5798
5798
5798
5798
5798
5798
5798
5798
5798
5798
5798
5798
5798
5798
5666
5666
5666
5666
5666
5666
5666
5666
5666
5666
5666
5666
5666
5666
5666
5666
5666
5666
5666
5666
5666
5666
5658
5658
5658
5658
5658
5658
5658
5658
5658
5658
5658
5658
5658
5658
5658
5658
5658
5658
5658
5658
5658
5658
5658
5658
5658
5658
5658
5658
5658
5658
5658
5658
5658
5658
5658
5658
5658
5658
5658
5658
5658
5658
5658
5658
5658
5658
5658
5658
5658
5658
5658
5588
5588
5588
5588
5588
5588
5588
5588
5588
5588
5588
5588
5588
5588
5588
5588
5588
5588
5588
5588
5588
5588
5588
5588
5588
5588
5234
1.0019