6548
6552
6414
6468
6450
6452
6404
6360
6360
6216
6216
6296
6218
6218
6218
6212
6218
6192
6192
6192
6218
6174
6174
6174
6218
6218
6166
6218
6218
6218
6218
6142
6034
6142
6142
6142
6142
6142
6142
6142
6142
6152
6152
6152
6152
5986
5986
5986
5986
5986
5986
5948
5986
5986
5986
5986
5986
5986
5986
5986
5986
5986
5980
5986
5986
5986
5986
5984
5986
6012
6012
6012
6012
5984
6012
6012
6012
6012
6012
6248
6232
6232
6248
5886
6212
6212
6212
6212
6180
6206
6206
6168
6168
6168
6162
6154
6154
6154
6154
6154
6060
6060
6104
6064
6064
6162
6162
6162
6162
6074
6162
6068
6068
6086
6086
6086
6086
6086
6086
6086
6078
6046
6078
6078
6078
6078
6078
6078
6078
6078
6026
6026
6026
6026
6026
6026
6026
6026
6026
6026
6026
6026
6026
6026
6026
6026
5822
5822
6026
6026
5166
0.331031