3070
3008
2884
2884
2884
2788
2788
2760
2760
2760
2760
2760
2760
2760
2758
2758
2708
2632
2632
2632
2632
2632
2632
2632
2632
2632
2632
2632
2630
2630
2630
2630
2630
2630
2630
2630
2630
2630
2630
2630
2630
2630
2630
2630
2630
2630
2630
2630
2630
2630
2612
2612
2612
2612
2612
2612
2612
2612
2612
2612
2612
2612
2612
2612
2612
2612
2612
2612
2612
2612
2612
2612
2612
2612
2612
2612
2612
2612
2612
2612
2612
2612
2612
2612
2612
2612
2612
2612
2608
2608
2608
2608
2608
2608
2608
2608
2608
2608
2608
2608
2608
2608
2608
2608
2608
2608
2608
2608
2608
2608
2608
2608
2608
2608
2608
2608
2608
2608
2608
2608
2608
2608
2608
2608
2608
2608
2608
2608
2608
2608
2608
2608
2608
2608
2608
2608
2608
2608
2608
2608
2608
2608
2608
2608
2608
2608
2608
2608
2608
2598
2438
5.3719