4384
4384
4384
4384
4384
4384
4228
4228
4228
4228
4228
4228
4228
4228
4228
4228
4228
4228
4228
4228
4228
4228
4228
4228
4228
4228
4228
4228
4228
4228
4228
4228
4228
4228
4228
4228
4228
4228
4228
4228
4228
4228
4228
4228
4228
4228
4228
4228
4228
4228
4228
4204
4204
4204
4204
4204
4204
4204
4204
4204
4204
4204
4204
4204
4204
4204
4204
4204
4204
4204
4204
4204
4204
4204
4204
4204
4204
4204
4204
4204
4204
4204
4204
4204
4204
4204
4204
4204
4204
4204
4204
4204
4204
4204
4204
4204
4204
4204
4204
4204
4204
4204
4204
4204
4204
4204
4204
4204
4204
4204
4204
4204
4204
4204
4204
4204
4204
4204
4204
4204
4204
4204
4204
4204
4204
4204
4204
4204
4204
4204
4204
4204
4204
4204
4204
4204
4204
4204
4204
4202
4202
4202
4202
4202
4202
4202
4202
4202
4202
4202
3488
20.107