6548
6482
6480
6476
6476
6476
6476
6360
6360
6360
6360
6360
6360
6360
6360
6360
6360
6360
6360
6360
6360
6360
6360
6360
6360
6360
6360
6360
6360
6360
6360
6360
6360
6360
6360
6360
6360
6360
6360
6360
6360
6360
6360
6360
6360
6360
6360
6360
6360
6360
6360
6360
6360
6360
6360
6360
6360
6360
6360
6360
6360
6360
6360
6360
6360
6360
6360
6360
6360
6360
6360
6360
6360
6360
6360
6360
6360
6360
6360
6360
6360
6360
6360
6360
6360
6360
6360
6360
6360
6360
6360
6360
6360
6360
6360
6350
6350
6350
6350
6350
6350
6350
6350
6350
6350
6350
6350
6350
6350
6350
6350
6350
6350
6350
6350
6350
6350
6350
6350
6350
6350
6350
6350
6350
6350
6350
6350
6350
6350
6334
6334
6334
6334
6334
6334
6334
6334
6334
6334
6334
6334
6334
6334
6334
6334
6334
6334
6334
6334
6334
5166
22.227