3070
2994
3020
2988
3020
2988
3020
2898
2908
2874
2916
2896
2916
2874
2916
2896
2916
2874
2916
2896
2916
2874
2916
2896
2880
2914
2900
2880
2900
2906
2880
2928
2900
2880
2900
2906
2880
2928
2900
2880
2864
2864
2864
2864
2864
2864
2864
2864
2864
2864
2864
2864
2864
2864
2864
2864
2864
2756
2794
2756
2794
2756
2794
2756
2794
2756
2794
2756
2794
2756
2794
2756
2794
2756
2794
2788
2788
2788
2788
2788
2788
2788
2788
2788
2788
2788
2788
2788
2788
2788
2788
2788
2782
2782
2782
2782
2782
2782
2782
2782
2782
2782
2782
2782
2782
2782
2782
2782
2782
2766
2758
2742
2758
2738
2758
2738
2758
2738
2758
2738
2758
2738
2758
2738
2758
2738
2758
2754
2740
2740
2740
2740
2740
2740
2740
2740
2740
2740
2740
2740
2740
2740
2740
2740
2740
2672
2668
2668
2668
2668
2438
8.76087