6594
6594
6434
6434
6434
6434
6434
6434
6434
6434
6434
6434
6434
6434
6434
6434
6434
6434
6434
6434
6434
6434
6434
6434
6434
6434
6434
6434
6434
6434
6434
6434
6434
6434
6434
6434
6434
6434
6434
6434
6434
6434
6434
6434
6434
6434
6434
6434
6434
6344
6296
6296
6296
6296
6296
6296
6296
6296
6296
6296
6296
6296
6296
6296
6296
6296
6296
6296
6296
6296
6296
6296
6296
6296
6296
6296
6296
6296
6296
6296
6296
6296
6296
6296
6296
6296
6296
6296
6296
6296
6296
6296
6296
6296
6296
6296
6296
6296
6296
6296
6296
6296
6296
6296
6296
6296
6296
6296
6296
6296
6296
6296
6296
6296
6296
6296
6296
6296
6296
6296
6296
6296
6296
6296
6296
6296
6296
6296
6296
6296
6296
6296
6296
6296
6296
6296
6296
6296
6296
6296
6296
6296
6296
6296
6296
6296
6296
6296
6296
6296
5234
9.51258