6548
6244
6126
6082
6066
5970
5896
5926
5926
6004
5970
5956
6082
6040
6022
5974
5982
5976
5984
6010
5960
6046
6044
6006
5932
5890
5980
6016
6008
6032
6028
5996
5982
6004
5926
6018
5990
5940
6022
6024
6012
5996
5952
5886
6024
5854
5938
6016
6002
5946
5868
5856
5978
6042
5960
5932
5942
5992
5934
6016
5928
6012
6006
5970
5936
5942
5944
5916
6006
6016
6006
6032
6028
5964
5952
5896
6038
5948
5984
6018
5982
5978
5966
6024
5976
5994
5956
6036
5978
6046
6044
5974
6030
6094
6094
5964
5926
5946
5864
5970
5910
6002
5912
6030
5862
5900
5912
6058
5980
5994
5994
5952
5904
6020
6030
6050
5970
5864
5986
5894
5948
5940
5978
5898
6022
6054
6002
6026
6036
6034
6002
5970
6016
5916
5910
5998
6028
5896
5994
5822
5898
6014
5988
5986
5924
5952
5764
5900
5982
6066
5166
13.5697