6594
6512
6286
6194
6142
6078
6078
6052
5996
5860
5860
5852
5852
5852
5800
5800
5800
5800
5800
5800
5778
5778
5770
5770
5742
5704
5704
5704
5704
5688
5688
5688
5688
5688
5688
5688
5688
5688
5688
5648
5648
5632
5620
5620
5620
5620
5620
5620
5600
5600
5600
5600
5600
5446
5446
5446
5394
5394
5394
5394
5394
5394
5394
5394
5394
5394
5394
5394
5394
5394
5394
5394
5394
5394
5394
5394
5394
5394
5394
5394
5394
5394
5394
5394
5394
5394
5394
5394
5394
5394
5394
5394
5394
5394
5394
5394
5394
5394
5394
5394
5394
5394
5394
5394
5394
5394
5394
5394
5394
5394
5394
5394
5394
5394
5394
5394
5394
5394
5394
5394
5394
5394
5394
5394
5394
5394
5394
5394
5394
5394
5394
5394
5394
5394
5394
5394
5394
5394
5394
5394
5394
5394
5394
5394
5394
5394
5394
5394
5394
5394
5234
1.84994