4384
4360
4236
4150
4108
4096
4066
4124
4122
4054
4036
4066
4038
4080
4074
4084
4024
4066
4008
4056
4076
4086
4016
4022
4098
4064
4004
4070
3994
4102
4096
4112
4094
4120
4100
4050
4034
4098
4002
4018
4082
3984
4024
4084
4072
4064
4092
4052
4060
4046
4080
3930
4058
3964
3996
4020
4008
4014
4046
4056
4102
4042
4012
4030
4078
4042
4046
4034
4108
4048
4038
4102
4104
4010
4002
4070
4044
3956
3942
4106
3984
4024
4066
4056
4134
4086
4096
4114
4068
4100
4092
4054
4102
4082
4002
4068
4106
4010
4012
4012
4044
4020
4038
4078
4100
4096
4056
4030
3966
3978
4048
3960
4094
4082
3994
4088
4066
4080
4090
4056
4102
3994
4020
4048
3922
4006
4092
3894
4102
3976
3958
4022
3992
4094
4108
4074
4120
3984
3984
4052
4024
4150
4106
4056
4054
4018
4102
4088
4098
4072
3488
9.99849