3070
2922
2876
2796
2796
2788
2788
2788
2788
2776
2776
2776
2776
2774
2764
2764
2732
2732
2732
2732
2732
2732
2732
2732
2732
2732
2732
2666
2666
2666
2666
2666
2666
2666
2666
2666
2666
2666
2666
2666
2666
2666
2666
2666
2666
2666
2666
2666
2666
2666
2666
2666
2666
2666
2666
2666
2666
2666
2666
2666
2666
2666
2666
2666
2666
2666
2666
2666
2666
2666
2666
2666
2666
2666
2666
2666
2666
2666
2666
2666
2666
2666
2666
2666
2666
2666
2666
2666
2666
2666
2666
2666
2666
2666
2666
2666
2666
2666
2666
2666
2666
2666
2666
2666
2666
2666
2666
2666
2666
2666
2666
2666
2666
2666
2666
2666
2666
2666
2666
2666
2666
2666
2666
2666
2666
2666
2660
2660
2660
2660
2660
2628
2628
2628
2628
2628
2628
2628
2628
2628
2628
2628
2628
2628
2628
2628
2628
2628
2628
2628
2438
0.74404