3070
3082
3188
3118
3090
3046
2974
3000
3000
3000
2996
2952
2952
2952
2946
2874
2892
2948
2920
2896
2892
2892
2892
2892
2878
2878
2812
2878
2866
2866
2866
2916
2864
2864
2864
2864
2838
2836
2836
2836
2836
2836
2836
2836
2836
2836
2836
2836
2822
2822
2822
2822
2822
2810
2810
2816
2798
2788
2788
2816
2816
2782
2734
2734
2734
2838
2808
2826
2826
2796
2826
2826
2826
2806
2826
2826
2826
2770
2770
2770
2770
2744
2770
2770
2770
2770
2694
2694
2694
2744
2744
2754
2754
2754
2754
2732
2716
2716
2770
2770
2770
2770
2766
2770
2770
2770
2770
2746
2770
2770
2770
2770
2770
2770
2770
2742
2770
2758
2758
2758
2724
2724
2724
2724
2724
2792
2868
2866
2866
2866
2866
2782
2782
2866
2856
2856
2832
2800
2800
2820
2748
2748
2748
2748
2748
2748
2748
2748
2748
2748
2438
1.93387