4384
4238
4162
4070
4020
3924
3924
3924
3924
3924
3924
3924
3924
3924
3924
3924
3924
3890
3856
3826
3826
3818
3818
3818
3818
3818
3818
3812
3812
3812
3812
3804
3794
3784
3784
3784
3784
3784
3784
3784
3784
3784
3784
3784
3784
3784
3784
3762
3762
3762
3762
3758
3758
3696
3696
3694
3694
3694
3694
3694
3694
3694
3694
3694
3694
3694
3694
3694
3694
3694
3694
3694
3694
3694
3694
3694
3694
3694
3694
3694
3694
3694
3694
3680
3680
3680
3680
3680
3680
3680
3680
3680
3680
3680
3680
3680
3680
3680
3680
3680
3680
3680
3680
3680
3680
3680
3680
3680
3680
3680
3680
3670
3670
3670
3670
3670
3670
3670
3670
3670
3670
3670
3670
3670
3650
3650
3650
3650
3650
3650
3650
3650
3650
3650
3650
3650
3650
3650
3650
3650
3650
3650
3650
3650
3650
3650
3650
3650
3650
3650
3488
1.46919