6594
6280
6074
6126
6006
6084
6066
5982
6058
5950
5998
5994
6068
6086
5996
6052
6026
6108
6008
5948
6002
6020
6066
5994
5874
6050
6122
6086
5940
6028
6134
6146
6094
5998
5960
5970
6034
6108
6072
5980
5988
5888
6052
6026
6124
6120
6100
6124
6100
6034
6088
5952
6092
6062
6012
6050
6064
6064
6104
6024
5950
5948
6026
6118
6076
6076
6096
5988
6032
5990
6006
6074
5936
5946
6022
6040
6062
6038
6052
6064
6108
6182
6098
6070
6096
6034
5998
6038
6002
6022
5958
6072
6024
5934
6040
5914
6078
6114
6098
6114
6002
6044
6014
6038
6026
6052
5938
5964
5996
6092
6040
6022
6050
6076
6068
6054
6008
5912
5870
6020
5962
6058
5938
5958
6004
5936
6094
6046
6074
6092
6096
5916
6030
6094
6086
6138
6048
6088
6092
6122
6042
5956
5960
6026
6102
5886
5934
6078
6002
5898
5234
12.4816