173142
172466
172302
171744
170972
170714
170510
170384
169848
169468
169204
169118
168916
168678
167926
167722
167532
167532
167376
167352
167188
166902
166902
166806
166232
165788
165788
165194
165194
165194
164432
164336
164336
163856
163856
163856
163856
163856
163856
163856
163828
163828
163828
163588
163556
163312
163312
163276
163048
163048
163048
163048
163048
163048
163048
162940
162940
162940
162940
162940
162940
162940
162940
162836
162828
162828
162826
162716
162716
162668
162668
162668
162624
162404
162404
162404
162404
162404
162330
162330
162330
162330
162080
162080
161906
161906
161906
161906
161602
161602
161564
161564
161456
161456
161424
161424
161424
161424
161412
161412
149576,161412,14.4717