175558
171462
170552
169496
169200
169168
168836
168562
168562
168396
168396
168222
167788
167580
167580
167580
167086
167086
167086
167086
167060
167060
166668
166668
166668
166668
166668
166668
166668
166668
166542
166398
166398
166398
166398
166240
166240
166240
166240
166240
166240
166240
166240
166240
166240
166240
166240
166240
166240
166240
165972
165828
165828
165828
165828
165828
165828
165828
165828
165818
165818
165440
165440
165440
165440
165440
165234
165098
165098
165098
165098
165098
165098
165098
165098
165098
165098
165098
165098
165046
165046
165046
165046
165046
164898
164898
164898
164556
164556
164556
164556
164556
164556
164556
164556
164556
164556
164556
164556
164556
164556
164556
164556
164556
164556
164556
164320
164320
164320
164320
164320
164234
164234
164234
164234
164234
164234
164234
164234
164234
164234
164234
164234
164234
164234
164234
164234
164234
164234
164122
164122
164122
164040
164040
164040
164040
164040
164040
164040
164040
164040
164040
164040
164040
164040
164040
164040
164040
164040
164040
152002
9.9105