175558
175558
175558
175228
174738
174578
173966
173966
173630
173350
173350
175420
175070
175420
175060
174526
174266
174104
174196
173340
173162
173340
173176
172452
172338
171680
171400
171680
171568
170924
170924
170792
171084
171084
171084
171084
171396
171606
171502
171388
171186
171186
171186
171186
171186
170964
170964
170964
170894
170894
170894
170898
170898
170898
170538
170538
170694
170898
170898
170898
171520
171524
170994
170994
170570
170570
170570
170570
170570
170570
170454
170682
170446
170446
170002
170002
170002
169626
169626
169886
170328
170328
170228
170328
170328
170006
170006
170006
170006
170006
170234
170070
170070
169616
169518
169508
169568
169568
170410
170410
169744
170410
170112
170018
169970
169970
169970
169970
169970
169970
170960
170960
170960
170960
170960
170612
170946
170960
170960
170960
170960
170960
170858
170708
170708
170774
170774
170648
170636
170462
170462
170462
170462
170428
170092
169900
169900
169900
169848
169900
169756
170392
170582
170436
170478
170478
170478
170334
170304
170240
152002
13.3069