175558
175702
174544
174544
175392
174754
174754
174296
174296
174296
173920
173512
173512
173512
173512
173512
173512
173512
173538
173222
173222
173164
173222
173222
173684
173622
173436
172668
172668
172788
173018
172770
172398
172398
172728
172728
172728
172100
172528
172528
172648
171928
171928
172424
172170
172170
172170
172170
171462
171462
171462
171254
171934
171934
171568
171464
171464
171568
173018
172714
172778
172778
172206
172206
172206
172206
172206
172206
172104
172188
171764
171764
171748
171748
171188
171188
171188
171188
171188
170822
170822
171970
171970
171842
171842
171970
171970
171872
171870
171862
172156
171786
172070
171642
171596
171596
171184
171184
170852
171184
171184
170878
170878
170878
170878
171070
171070
170580
171496
171350
171350
171242
171114
170828
170828
170828
170828
170828
169840
169840
169710
169710
169710
170178
170178
170178
170178
170178
170620
170620
170620
170620
170566
170598
170598
170246
169984
169950
169984
170530
170530
170828
171342
171342
170932
170932
170932
170932
170932
170932
152002
2.8884