175558
174102
173228
172620
171764
171668
170852
170768
170412
169584
169534
169596
168814
168660
169250
168830
168732
168750
168410
167850
168276
168028
167932
167730
168022
167524
167820
167894
167780
168098
168116
167716
167734
168156
168104
167992
167678
167092
167232
167322
167296
167392
167624
167362
167914
167906
167970
167542
167632
167972
167846
167668
167914
168164
167980
167904
168034
168166
168246
168246
168264
168298
167864
167288
167644
167992
168200
168082
167858
167452
167528
167934
167666
167774
167026
167548
167718
168156
167816
167924
167754
167644
167666
167796
168070
167898
167596
167850
168060
167896
167816
168060
168078
167778
167864
167862
167920
167182
167312
167082
167276
168002
168052
167430
167740
167514
167572
167852
167786
167344
167790
167264
167036
167890
167702
167094
167390
167408
167768
167786
168052
167702
167760
167820
167806
168218
167968
167648
167594
167710
167910
167586
167370
167470
167352
167894
167492
167738
167884
167868
168008
168102
168142
167292
167106
167464
167642
168032
168000
168020
152002
151.824