27906
27624
27586
27964
27854
27854
27854
27854
27826
27616
27420
27616
27536
27536
27670
27516
27640
27630
27630
27522
27384
27384
27384
27266
27266
27238
27238
27232
27294
27294
27240
27008
27408
27344
27430
27430
27430
27282
27282
27374
27430
27430
27430
27430
27430
27132
27132
27380
27380
27380
27430
27410
27246
27246
27246
27246
27188
27210
27210
27210
27016
27016
27190
27140
27190
27190
26978
26978
27212
27212
27046
27326
27326
27156
27326
27240
27240
27240
27380
27394
27394
27404
27404
27404
27070
27422
27372
27302
27302
27230
27230
27230
27302
27302
27378
27372
27422
27422
27364
27364
27394
27394
27422
27398
27300
27360
27042
27360
27360
27344
27346
27224
27224
27360
27312
27312
27190
27122
27134
27134
27116
27116
27234
27058
26844
26844
26844
26816
27088
27088
27088
27088
26952
26952
27088
27088
27150
27064
27064
27064
27118
27118
27048
26752
26752
26752
26908
26908
26908
26908
23386
0.651341