27906
27130
26948
26948
26744
26728
26630
26536
26446
26170
26170
26170
26170
26170
26170
26170
26170
26170
26170
26170
26170
26170
26170
26086
26086
26086
26086
26086
26086
26054
26038
26036
26036
26036
26036
25894
25894
25894
25894
25894
25894
25894
25894
25894
25894
25894
25894
25894
25894
25894
25894
25894
25894
25894
25894
25894
25894
25870
25870
25822
25822
25822
25822
25822
25822
25822
25782
25782
25782
25782
25782
25782
25782
25782
25782
25782
25782
25782
25782
25782
25782
25782
25782
25782
25782
25782
25782
25782
25782
25768
25720
25720
25720
25720
25688
25688
25688
25688
25688
25688
25688
25688
25688
25688
25688
25688
25688
25684
25684
25684
25684
25684
25684
25684
25684
25684
25684
25684
25684
25684
25684
25656
25620
25620
25620
25620
25556
25478
25478
25478
25478
25426
25426
25426
25426
25426
25426
25426
25426
25426
25426
25426
25426
25426
25426
25426
25426
25426
25426
25426
23386
2.23559