18898
18736
18618
18610
18416
18218
18216
18360
17970
18086
18110
18180
18132
18010
18158
18118
18030
18262
18118
18172
17978
18040
18004
18066
18036
18192
18162
18190
18220
18066
18118
18070
18202
18280
17998
17926
18066
18144
18156
18102
17972
18164
18216
17986
18066
18016
18266
18060
18172
18168
18048
18100
18094
17998
18040
17966
17914
18002
18052
18244
18026
17766
18030
18128
17904
17992
18058
18098
17876
18152
18110
18082
18072
17736
17946
18066
17998
18082
18096
18148
18102
18156
18184
17956
18066
17946
18038
17982
18060
18118
17958
18178
18158
18204
17942
18038
18186
17898
17976
18186
17880
18012
18048
18108
18190
18014
18032
18234
18242
18072
18146
18194
18218
18032
18168
18090
18220
18262
18058
18100
18154
17890
17986
18210
18038
18076
18126
18054
17970
18112
18188
18140
18080
18140
17996
18032
18028
17892
17970
17988
17946
18086
18130
18046
18060
17810
17718
17804
18006
17900
15812
28.5319