18898
18898
18898
18898
18898
18898
18898
18898
18898
18898
18898
18898
18898
18898
18898
18898
18898
18898
18898
18898
18878
18878
18878
18878
18878
18878
18878
18878
18878
18878
18878
18878
18878
18878
18878
18878
18878
18878
18878
18878
18742
18742
18742
18742
18742
18742
18742
18742
18742
18742
18742
18742
18742
18742
18742
18742
18742
18742
18742
18742
18742
18742
18742
18742
18742
18742
18742
18742
18742
18742
18742
18742
18742
18742
18742
18742
18742
18742
18742
18742
18742
18742
18554
18554
18554
18522
18522
18522
18522
18522
18522
18522
18522
18522
18522
18522
18522
18522
18522
18522
18522
18522
18522
18522
18522
18522
18522
18522
18522
18522
18522
18522
18522
18522
18522
18522
18522
18522
18522
18386
18386
18386
18386
18386
18386
18386
18386
18386
18386
18386
18386
18386
18386
18386
18386
18386
18386
18386
18386
18386
18386
18386
18386
18386
18386
18386
18386
18386
18386
18386
15812
31.5107