27906
27624
27624
27624
27224
27160
27224
27160
26954
27126
26966
26882
26912
26944
26950
26938
26950
26938
26950
26854
26858
26638
26690
26806
26690
26806
26690
26706
26690
26706
26506
26642
26506
26642
26524
26524
26524
26524
26432
26392
26432
26392
26392
26392
26392
26392
26436
26392
26436
26446
26436
26384
26430
26454
26404
26430
26462
26434
26426
26434
26240
26402
26324
26370
26370
26370
26370
26360
26256
26126
26126
26126
26126
26126
26126
26114
26126
26114
26126
26048
26062
26054
26062
26054
25972
26048
25972
26020
25972
26020
25972
26004
25968
25992
25908
25940
25908
25940
25940
25940
25940
25940
26064
25940
26064
25940
25920
25940
25920
25940
26000
25940
26000
25904
26000
25904
26000
26072
26000
26064
26000
26030
26000
25930
26000
25942
25956
25820
25956
26118
25952
26072
26000
26000
25956
25956
25980
25956
25980
25956
26048
25952
26024
25954
25758
25954
25758
25954
25926
25926
23386
39.8173