18898
18796
18528
18358
18358
18356
18356
18194
18182
18104
18040
17992
17730
17730
17730
17730
17730
17730
17636
17582
17582
17582
17582
17582
17582
17518
17518
17518
17518
17508
17270
17270
17270
17270
17230
17230
17230
17230
17230
17230
17230
17230
17230
17182
17182
17182
17182
17182
17152
17152
17152
17152
17152
17152
17152
17152
17150
17150
17150
17150
17090
17090
17090
17090
17090
17090
17090
17090
17090
17044
17044
17044
17044
17044
17044
17026
17026
17026
17026
17026
17026
17026
17026
17026
17026
17026
17026
17026
17026
17026
17026
17026
17026
17016
17016
17016
16996
16980
16980
16980
16980
16936
16936
16936
16936
16936
16802
16760
16760
16760
16760
16760
16692
16692
16692
16692
16640
16640
16640
16640
16610
16610
16610
16610
16610
16610
16610
16610
16610
16610
16610
16610
16610
16560
16542
16542
16542
16542
16542
16542
16542
16542
16542
16542
16542
16542
16542
16542
16482
16482
15812
3.14052