27906
27478
27820
27820
27754
27214
27214
27494
27494
27706
27646
27706
27718
27808
27768
27860
27840
27790
27716
27614
27600
27600
27570
27496
27342
27316
27252
27262
27262
27262
27262
27262
27120
27156
27156
27156
27102
27102
26912
26912
26794
26832
26804
26726
26726
26726
26726
26736
26804
26804
26804
26804
26804
26804
26738
26734
26652
26748
26726
26678
26728
26728
26728
26654
26654
26654
26526
26526
26526
26654
26654
26654
26654
26634
26574
26654
26654
26654
26654
26654
26462
26586
26620
26620
26566
26620
26620
26620
26620
26594
26594
26594
26594
26620
26620
26620
26620
26620
26620
26604
26604
26604
26484
26546
26582
26582
26570
26430
26582
26582
26582
26540
26540
26540
26478
26478
26438
26404
26404
26404
26404
26404
26380
26404
26302
26416
26416
26424
26356
26356
26356
26300
26300
26348
26348
26348
26328
26348
26348
26226
26286
26286
26286
26338
26338
26338
26312
26338
26278
26278
23386
3.66398