18898
18898
19076
19076
19144
19000
18972
18988
19250
19120
19082
19110
19048
19010
18964
18874
18874
18874
18874
18878
18878
18800
18682
18606
18436
18380
18436
18436
18240
18436
18260
18260
18240
18240
18240
18240
18260
18260
18260
18260
18260
18408
18440
18440
18442
18442
18480
18578
18578
18678
18592
18592
18358
18358
18358
18358
18358
18358
18358
18540
18438
18438
18394
18394
18250
18250
18250
18250
18250
18334
18334
18334
18292
18424
18356
18356
18292
18292
18272
18292
18160
18292
18254
18254
18254
18254
18254
18254
18204
18204
18294
18294
18294
18306
18264
18264
18264
18264
18312
18268
18232
18230
18284
18280
18272
18062
18062
18062
18198
18232
18232
18140
18140
18140
18140
18140
18140
18140
18140
18140
18140
18140
18140
18168
18024
18168
18168
18168
18100
18168
18168
18098
18098
18146
18146
18146
18152
18152
18194
18108
18108
18108
18182
18030
18030
18000
18030
18030
18030
18030
15812
3.08294