27906
27710
27344
26934
26810
26702
26638
26648
26618
26622
26640
26608
26786
26572
26538
26552
26718
26736
26406
26588
26698
26644
26728
26738
26690
26486
26540
26744
26636
26454
26390
26326
26152
26406
26520
26664
26586
26536
26384
26260
26366
26234
26450
26244
26556
26646
26528
26608
26302
26386
26332
26494
26504
26638
26690
26590
26578
26478
26512
26508
26474
26486
26190
26462
26474
26506
26322
26432
26294
26292
26398
26412
26372
26386
26370
26416
26412
26480
26268
25994
26246
26442
26468
26546
26478
26480
26500
26498
26486
26476
26628
26614
26572
26564
26598
26572
26474
26572
26696
26384
26516
26382
26504
26464
26376
26206
26214
26348
26384
26446
26626
26692
26360
26452
26706
26448
26500
26512
26454
26446
26338
26518
26466
26604
26670
26434
26648
26604
26484
26516
26540
26492
26484
26700
26418
26392
26224
26120
26418
26604
26600
26540
26610
26526
26558
26612
26686
26556
26528
26438
23386
38.1655