27906
27790
27460
27016
27016
26978
26874
26696
26546
26444
26430
26430
26430
26312
26312
26312
26312
26312
26312
26310
26310
26270
26200
26188
26188
26060
26060
26060
26060
26040
25922
25922
25922
25922
25922
25922
25922
25922
25922
25806
25806
25806
25806
25806
25806
25752
25752
25688
25688
25688
25688
25688
25688
25532
25532
25532
25532
25532
25532
25532
25532
25532
25532
25532
25532
25532
25532
25532
25410
25410
25410
25410
25410
25410
25410
25410
25410
25410
25410
25410
25410
25410
25410
25410
25410
25410
25410
25380
25380
25380
25380
25380
25380
25380
25380
25380
25380
25380
25380
25380
25380
25380
25380
25380
25380
25380
25380
25380
25362
25362
25362
25362
25362
25362
25362
25362
25362
25362
25362
25362
25362
25322
25322
25292
25292
25292
25292
25292
25292
25292
25292
25292
25292
25292
25292
25292
25292
25292
25292
25292
25292
25292
25292
25292
25292
25292
25292
25196
25196
25196
23386
20.9877