18898
18898
18990
18990
19154
18750
18750
18706
18706
18706
18706
18706
18570
18706
18706
18706
18684
18560
18560
18560
18682
18504
18504
18504
18504
18504
18504
18504
18504
18504
18504
18504
18504
18444
18444
18504
18504
18618
18618
18618
18618
18618
18618
18526
18614
18614
18586
18570
18570
18574
18628
18586
18646
18514
18514
18514
18336
18522
18382
18368
18368
18368
18368
18362
18362
18368
18368
18368
18518
18518
18518
18520
18496
18496
18496
18494
18494
18494
18474
18494
18494
18478
18478
18494
18452
18452
18404
18404
18404
18404
18404
18404
18404
18404
18404
18380
18392
18392
18374
18392
18392
18386
18406
18406
18406
18406
18406
18302
18406
18406
18374
18374
18374
18380
18406
18280
18406
18428
18428
18428
18428
18422
18312
18330
18330
18330
18490
18490
18490
18490
18490
18490
18492
18492
18496
18452
18352
18352
18352
18352
18476
18476
18476
18402
18298
18358
18358
18402
18402
18402
15812
0.53129