41488
41300
41300
41044
41044
41044
41044
41044
41044
41044
41044
41044
41044
41044
41044
41044
41044
41044
41044
41044
41044
41044
41044
41044
41016
41016
41016
41016
41016
41016
41016
41016
41016
41016
41016
41016
41016
41016
41016
41016
40816
40816
40816
40816
40816
40816
40816
40816
40816
40816
40816
40816
40816
40816
40816
40816
40816
40816
40648
40648
40648
40648
40648
40648
40648
40648
40648
40648
40504
40316
40290
40290
40290
40290
40274
39900
39846
39846
39846
39842
39842
39842
39842
39842
39842
39842
39842
39842
39842
39842
39842
39842
39842
39842
39842
39842
39842
39842
39842
39842
39842
39842
39842
39842
39842
39842
39842
39842
39842
39842
39842
39842
39828
39828
39828
39828
39828
39828
39828
39828
39828
39828
39828
39828
39828
39828
39828
39828
39828
39828
39828
39828
39828
39638
39638
39638
39638
39638
39638
39638
39504
39504
39504
39504
39504
39504
39504
39504
39464
39464
34458
49.9442