41488
41108
40768
40618
40348
40212
40082
39906
39646
39572
39528
39386
39386
39372
39372
39210
39146
39146
39146
39102
38914
38914
38914
38914
38862
38862
38654
38556
38556
38556
38554
38554
38474
38388
38388
38370
38370
38354
38208
38098
38098
38062
38062
38062
38062
38000
38000
37926
37926
37924
37924
37924
37924
37908
37908
37740
37694
37694
37694
37670
37670
37670
37670
37670
37670
37670
37670
37670
37670
37670
37670
37670
37670
37670
37670
37670
37670
37648
37428
37428
37428
37428
37428
37374
37374
37374
37374
37374
37374
37374
37374
37374
37374
37374
37374
37372
37372
37308
37308
37308
37308
37150
37150
37150
37150
37150
37150
37150
37150
37150
37150
37150
37150
37016
37016
37016
37016
37016
37016
37016
37016
37016
37016
37016
37016
37016
37016
37016
37016
37016
37016
37016
37016
37016
36944
36944
36740
36740
36740
36740
36740
36740
36740
36740
36740
36740
36740
36740
36740
36740
34458
4.48765