41488
39850
39850
39602
39384
39384
39204
39204
39204
38948
38736
38736
38736
38736
38736
38736
38662
38662
38646
38462
38462
38462
38462
38462
38462
38408
38408
38378
38378
38378
38378
38378
38330
38330
38330
38330
38312
38312
38312
38312
38312
38312
38312
38292
38072
38072
38072
38072
38072
38072
38072
38072
38072
38072
38072
38072
38072
38072
38072
38072
38072
38072
38072
37856
37856
37856
37856
37856
37856
37856
37856
37856
37856
37856
37856
37856
37856
37856
37856
37856
37856
37856
37856
37856
37856
37856
37856
37856
37856
37856
37856
37856
37856
37856
37856
37856
37856
37856
37856
37856
37856
37856
37856
37856
37856
37856
37856
37856
37856
37856
37856
37856
37856
37856
37856
37856
37856
37856
37808
37808
37808
37808
37808
37808
37808
37808
37808
37808
37808
37808
37808
37808
37808
37808
37808
37808
37808
37808
37808
37808
37808
37808
37808
37808
37808
37808
37808
37808
37808
37808
34458
2.64418