41488
40792
40032
40032
39692
39692
39620
39620
39550
39292
39292
39232
39232
39204
38930
38930
38930
38838
38800
38800
38542
38542
38420
38420
38362
38362
38362
38362
38362
38362
38362
38362
38362
38362
38362
38362
38362
38302
38302
38122
38122
38122
38122
38122
38122
38122
38122
38122
38122
38122
38122
38112
38042
38042
38042
38042
38042
38042
38042
38042
38042
38042
38042
38042
38042
38042
37970
37970
37970
37970
37970
37932
37932
37932
37932
37750
37750
37750
37750
37750
37750
37750
37594
37594
37594
37594
37594
37594
37594
37594
37594
37576
37576
37576
37576
37576
37576
37576
37576
37576
37576
37576
37576
37576
37576
37576
37576
37576
37576
37576
37576
37576
37576
37576
37576
37576
37576
37576
37576
37576
37576
37576
37576
37576
37576
37576
37560
37560
37560
37560
37560
37560
37560
37560
37560
37560
37560
37560
37560
37560
37500
37500
37500
37500
37500
37500
37500
37500
37500
37500
34458
27.6157