41488
41226
41050
41050
41050
41050
41122
41050
40666
40666
40530
40516
40614
40614
40486
40388
40578
40578
40264
40264
40264
40094
40360
40086
40086
40086
39954
40028
39982
40028
40028
39882
39882
39882
39772
39772
39622
39622
39590
39506
39506
39412
39412
39412
39434
39434
39506
39506
39446
39446
39446
39446
39446
39434
39446
39258
39284
39076
39076
39284
39284
39284
39440
39440
39356
39356
39356
39356
39356
39356
39512
39512
39510
39510
39510
39524
39524
39524
39638
39486
39638
39646
39646
39620
39550
39436
39436
39498
39492
39492
39446
39122
39446
39446
39446
39446
39446
39446
39446
39436
39436
39436
39436
39436
39408
39210
39308
39308
39308
39238
39308
39308
39308
39312
39312
39246
39272
39268
39268
39020
39312
39312
39336
39312
39086
39040
39040
39086
39086
39086
39086
39264
39300
39300
39292
39240
39292
39292
39248
39154
39182
39292
39292
39182
39182
39226
39226
39226
39198
39226
34458
4.45475