41488
41340
41340
40962
40876
40938
40938
40950
40784
40920
40920
40920
40920
40732
40732
40312
40340
40464
40412
40412
40266
40266
40066
40066
40066
40066
40066
40066
39896
39918
39918
39918
39918
39918
40106
39954
40058
39990
40242
40100
40242
40194
40194
40194
39572
39572
39572
39572
39572
39572
39572
39572
39572
39572
39572
39572
39572
39352
39572
39304
39572
39572
39572
39572
39530
39530
39530
39412
39530
39530
39572
39560
39560
39560
39560
39438
39438
39438
39214
39214
39214
39214
39214
39214
39132
39132
39132
39132
39132
39132
39132
39132
39132
39132
39132
39132
39132
39132
39132
39132
39132
39132
39132
39132
39132
39132
39132
39132
39132
39132
39132
39132
39132
39132
39132
39132
39132
38978
39132
39104
39104
39126
39126
39040
38770
39132
39132
39132
39132
39132
39132
39132
39132
39132
39132
39132
39122
39132
39132
39132
39056
38754
39056
39094
39094
39094
39094
39094
39082
39082
34458
0.704362