41488
41024
41024
40272
40268
40272
40274
40280
40048
39986
40034
40020
40148
40024
39992
39978
39978
39760
39760
39760
39610
39676
39610
39622
39598
39544
39432
39432
39394
39348
39210
39210
39210
39210
39210
38914
38830
38690
38690
38690
38690
38828
38690
38900
38732
38710
38732
38644
38732
38644
38644
38644
38644
38644
38644
38644
38638
38626
38638
38724
38638
38704
38672
38688
38672
38490
38490
38490
38318
38318
38318
38246
38244
38244
38188
38244
38188
38024
38026
37988
38064
37988
38064
38072
38064
38072
38040
38072
38040
38172
38040
38172
37984
37960
38018
38106
38018
38106
37978
37966
37886
37778
37818
37684
37562
37680
37642
37972
37642
37972
38096
38040
38096
38156
38096
38156
38216
38156
38216
38156
38156
38220
38156
38220
38156
38182
38156
38182
38256
38182
38224
37896
37860
37860
38144
38176
38144
38022
38128
38022
38074
38038
38074
38038
38026
38038
38136
38120
38208
38120
34458
50.8268