57464
57362
57362
57050
56912
56846
56846
56846
56698
56256
56256
56256
56256
56188
56522
56466
56466
56358
56158
56074
56228
56228
56096
56096
56096
55872
55872
55856
55872
55748
55748
55674
55446
55446
55222
55458
55458
55458
55458
55458
55432
55224
55440
55504
54956
55330
55322
55238
55340
55288
55288
55288
55288
55272
55124
55124
55124
55010
55010
55010
55010
55010
55270
55270
55342
55292
55292
55048
55280
55182
55104
55104
55140
55280
55280
55280
55140
55022
55022
55022
55022
54852
55022
55022
55022
55022
55010
55124
54674
54674
54616
54616
54616
54616
54710
54674
54674
54674
54674
54674
54674
54418
54418
54418
54418
54418
54418
54688
54688
54688
54688
54688
54688
54688
54772
54772
54772
54532
54804
54804
54804
54804
54652
54804
54804
54734
54734
54292
54688
54688
54688
54688
54734
54658
54612
54598
54612
54612
54584
54612
54696
54770
54724
54766
54766
54766
54716
54766
54766
54766
48498
5.77815