57464
56848
56242
55858
55672
55420
55150
55266
54810
54732
54846
54676
54780
54770
54766
54842
54794
54686
54558
54738
54680
54468
54336
54182
54398
54426
54454
54250
54266
54158
54352
54180
54306
53858
54024
54162
54130
54240
54342
54348
54000
54282
54584
54554
54460
54502
54218
54118
54486
53946
54162
54268
54436
54494
54332
54170
54100
54226
54150
54292
54438
54288
54458
54444
54230
54492
54512
54218
54292
54462
54526
54460
54516
54458
54218
54316
54064
54380
54520
54442
54316
54346
54342
54480
54698
54566
54302
54210
54276
54432
54388
54286
54202
54192
54084
54270
54340
54298
54330
54068
54206
54300
54456
54372
54446
54364
54338
54424
54388
54468
54356
54452
54522
54408
54328
54156
54084
54052
54040
54400
54050
54028
54086
54288
54474
54148
54248
54310
54528
54454
54286
54312
54226
54368
54250
54426
54650
54564
54474
53882
54228
53998
54220
54498
54378
54238
54082
54372
54310
54252
48498
63.3964