57464
57404
56854
57074
57240
57166
56936
56862
56826
56756
56596
56756
56788
56658
56658
56658
56124
56452
56442
56442
56442
56224
56224
56268
56268
56268
56268
56340
56340
56164
56020
55834
55834
55834
55734
55734
55734
55734
55734
55734
55734
55734
55734
56078
55872
56078
55946
55760
55760
55760
55760
55788
55762
55762
55762
55762
55738
55762
55762
55762
55762
55584
55728
55728
55548
55548
55728
55728
55762
55762
55762
55762
55762
55874
55764
55796
55796
55796
55796
55796
55624
55796
55786
55786
55786
55758
55786
55552
55552
55480
55262
55480
55552
55552
55552
55552
55576
55390
55390
55088
55088
55642
55642
55642
55554
55554
55708
55708
55708
55708
55702
55178
55702
55702
55628
55420
55420
55378
55378
55378
54912
54912
54912
55420
55420
55420
55420
55420
55420
55400
55420
55372
55420
55336
55114
55114
55114
55114
55114
55114
55114
55114
55114
55114
55114
55114
55114
55114
55114
55114
48498
0.988498