77524
76812
76582
76088
75932
75612
75290
75258
75202
75260
74952
74620
74526
74332
74548
74444
74530
74326
74446
74328
74176
74264
74218
74138
74012
74302
74104
74060
74208
74100
74096
73872
74230
74308
74282
74288
74204
74056
73644
73924
74118
73794
73732
74148
74256
74206
74106
74300
73944
74182
74378
74108
73926
73988
74012
73960
73884
73930
73998
74234
74128
74146
74244
74092
73940
74146
73858
73822
73898
73828
74190
74092
74222
74314
74378
74298
74298
74118
74146
73848
74036
73910
74006
73560
73792
74050
74088
73800
73772
73714
73492
73578
73898
73894
73544
73946
74040
73714
74068
74322
74230
74160
73930
74208
74204
74234
74166
74114
74098
74172
73988
73796
73660
73500
73940
73600
73866
73678
73894
74042
74100
73554
73884
74176
73806
73952
74226
74244
73848
74266
73742
73708
73930
73968
74162
73836
73530
73714
74046
74006
74370
74104
73652
73698
73542
73698
73712
74098
73948
73984
66256
81.5847