77524
77068
77010
76604
76684
76464
76420
76380
75754
75624
75624
75682
75634
74920
74926
74746
74770
74746
74718
74704
74634
74704
74784
74826
74020
74110
74122
74018
74090
73926
73894
73894
73894
73894
73894
73894
73630
73694
73738
73890
73786
73764
73764
73700
73700
73602
73568
73568
73568
73568
73130
73212
73212
73212
73128
73104
72960
73104
73192
73068
73058
73206
73058
73034
73058
73058
73134
73130
72922
73088
72870
72982
73030
72778
73048
72778
73088
72980
73040
72520
72580
72580
72580
72580
72580
72670
72670
72670
72634
72678
72996
72642
72616
72556
72448
72384
72316
72262
72276
72832
72632
72682
72854
72682
72844
72682
72600
72600
72600
72602
72600
72664
72600
72460
72228
72228
72380
72228
72316
72228
72330
72378
72122
71932
71932
71928
71908
71908
72084
71908
72198
72114
72090
72110
72138
72288
72380
72428
72380
72362
72380
72428
72424
72416
72328
72304
72202
72176
72192
72176
66256
84.6512