77524
77416
76920
76146
76036
75770
75074
74926
74864
74624
74624
74624
74504
74238
74074
74074
74074
74074
73810
73810
73810
73810
73766
73532
73520
73520
73200
73200
73200
73200
73200
73200
73200
73200
73200
73178
73060
73060
73060
73060
72886
72886
72864
72864
72822
72822
72822
72822
72822
72822
72822
72822
72822
72822
72822
72822
72452
72452
72452
72452
72452
72452
72452
72452
72452
72452
72452
72172
72172
72172
72172
72172
72172
72172
72172
72172
72172
72172
72172
72172
72172
72172
72172
72172
72172
72172
72172
72172
72172
72172
72172
72172
72172
72172
72172
72172
72172
72172
72172
72172
72172
72172
72172
72170
72170
72170
72042
72042
72042
72042
72042
72042
72042
72042
72042
72042
72036
72036
72036
72010
72010
72010
72010
72010
72010
72010
72010
72010
72010
71836
71836
71836
71836
71836
71836
71836
71836
71618
71618
71618
71618
71618
71618
71618
71618
71618
71618
71618
71618
71618
66256
44.0041