106434
103448
102972
102346
101762
101762
101228
101228
101228
101228
101178
101178
101178
101108
101108
101052
100850
100850
100850
100848
100630
100630
100520
100484
100484
100484
100484
100484
100484
100484
100484
100484
100254
99834
99834
99834
99834
99834
99834
99834
99834
99716
99716
99716
99716
99716
99716
99716
99716
99716
99716
99716
99716
99716
99528
99528
99528
99528
99528
99528
99528
99528
99528
99528
99528
99528
99528
99528
99528
99528
99528
99528
99528
99528
99528
99528
99370
99370
99370
99370
99370
99370
99370
99220
99220
99220
99126
99126
99126
99126
99126
99126
99126
99126
99126
99126
99126
99126
99126
99126
99126
99126
99126
99126
98910
98910
98910
98910
98910
98766
98766
98766
98766
98766
98766
98766
98766
98766
98766
98762
98762
98762
98762
98762
98762
98720
98720
98720
98720
98642
98642
98642
98642
98642
98642
98642
98634
98634
98634
98634
98634
98634
98634
98634
98634
98634
98634
98634
98634
98634
90998
6.34777