18136
18136
18136
18136
18136
18136
18136
18136
18136
18136
18136
18136
18136
18136
18136
18136
18136
18136
18136
18108
18108
18108
18108
18108
18108
17622
17622
17622
17622
17620
17620
17620
17620
17620
17620
17620
17620
17620
17620
17620
17620
17620
17620
17620
17620
17620
17620
17620
17620
17620
17620
17620
17620
17620
17620
17620
17620
17620
17338
17210
17210
17210
17210
17210
17210
17210
17210
17210
17210
17210
17210
17210
17210
17210
17210
17210
17210
17210
17210
17210
17210
17210
17210
17210
17210
17210
17210
17210
17210
17210
17210
17210
17210
17210
17210
17210
17210
17210
17210
17210
17210
17210
17210
17210
17210
17210
17210
17210
17210
17210
17210
17210
17210
17210
17210
17210
17210
16938
16938
16938
16938
16938
16938
16938
16938
16938
16938
16938
16938
16938
16938
16938
16938
16938
16938
16938
16938
16938
16938
16938
16938
16938
16938
16938
16938
16600
16600
16600
16600
16600
9526
24.9981