18136
17662
16862
15904
14982
14982
14900
14900
14478
14478
14244
13986
13986
13964
13964
13640
13640
13640
13640
13580
13074
13074
13074
13074
13074
13074
12886
12844
12844
12844
12396
12396
12272
12086
12086
12086
12086
11720
11720
11720
11720
11720
11720
11720
11720
11720
11720
11720
11606
11606
11606
11606
11606
11606
11606
11606
11606
11606
11606
11606
11606
11606
11606
11606
11538
11538
11538
11538
11454
11454
11318
11318
11318
11318
11318
11318
11318
11318
11318
11318
11318
11190
11190
11190
11190
11190
11190
11190
11190
11190
11190
11190
11054
11054
11054
11054
11054
11054
11054
11054
11054
11054
11054
11054
11054
11054
11054
11054
11054
11054
11054
11054
11054
11054
11054
11054
11054
11054
11054
11054
11054
11054
11054
11054
10994
10994
10994
10994
10994
10994
10994
10994
10994
10994
10994
10994
10994
10994
10994
10994
10994
10994
10994
10994
10994
10994
10994
10994
10994
10994
9526
2.45946