18136
16238
15370
14914
14914
14412
14412
14412
14412
14412
14412
14402
14368
14210
14210
14210
13970
13970
13970
13846
13846
13846
13846
13846
13846
13846
13846
13688
13434
13326
13326
13326
13326
13274
13274
12682
12682
12682
12682
12682
12682
12682
12682
12682
12682
12682
12682
12682
12682
12682
12674
12674
12674
12674
12674
12674
12674
12674
12674
12674
12664
12664
12664
12664
12664
12664
12664
12664
12664
12664
12664
12664
12664
12664
12664
12664
12664
12642
12642
12642
12642
12642
12642
12642
12642
12642
12642
12642
12642
12642
12642
12642
12642
12642
12642
12642
12642
12642
12642
12642
12642
12642
12642
12642
12046
12046
12046
12046
12046
12046
12046
12046
12046
12046
12046
12046
12046
12046
12046
12046
12046
12046
12046
12046
12046
12046
12046
12046
12046
12046
12046
12046
12046
12046
12046
12046
12046
12046
12046
12046
12046
12046
12046
12046
12046
12046
12046
12046
12046
12046
9526
1.31915