18,98,56,80,36,10,37,99,22,2,50,93,92,8,64,55,27,62,75,21,1,7,78,96,84,94,3,23,15,49,71,12,0,59,68,60,45,51,65,87,41,17,63,70,25,34,46,43,11,16,39,47,53,40,73,86,58,19,38,82,32,6,57,77,48,20,4,30,76,67,91,26,29,28,74,44,88,9,35,61,89,79,72,83,52,54,95,33,85,24,66,42,31,69,90,14,5,81,13,97,2.37521e+07
18,98,56,80,36,10,37,99,22,2,50,1,92,8,64,55,27,62,75,21,32,7,78,96,84,94,3,23,15,49,93,12,0,59,68,60,45,51,65,87,41,17,63,70,25,34,46,43,11,16,39,47,53,40,73,86,58,19,38,82,79,6,57,77,48,20,4,30,76,67,91,26,29,28,74,44,88,9,35,61,89,71,72,83,52,54,95,33,85,24,66,42,31,69,90,14,5,81,13,97,2.37067e+07
32,91,69,45,15,96,97,24,73,34,42,8,72,0,65,83,57,37,13,21,47,3,35,87,22,94,31,99,9,28,25,76,70,44,11,67,50,51,53,19,29,23,4,80,62,88,85,33,81,52,39,10,56,77,26,30,36,17,40,48,86,66,43,68,55,92,1,27,98,58,93,78,90,63,54,95,61,38,16,41,6,18,89,7,74,84,2,20,14,60,12,75,64,82,79,59,49,71,46,5,2.36878e+07
32,91,69,45,15,67,97,24,73,34,42,8,72,0,65,83,57,37,13,21,47,3,35,87,22,94,31,99,9,28,25,76,70,44,11,96,50,51,53,19,29,23,4,80,62,20,85,33,81,52,39,10,56,77,26,30,36,17,40,48,86,66,43,68,55,92,1,27,98,58,93,78,90,63,54,95,61,38,16,41,6,18,89,7,74,84,2,88,14,60,12,75,64,82,79,59,49,71,46,5,2.36285e+07
32,91,69,45,15,67,97,24,73,34,42,8,72,0,65,83,57,37,13,21,47,3,35,87,22,94,31,99,9,28,25,76,70,44,11,96,50,51,53,19,29,23,4,80,62,20,85,33,81,52,39,10,56,77,26,30,36,17,40,48,86,66,43,68,55,92,1,27,98,58,93,78,90,63,54,95,61,38,16,41,6,18,89,7,74,84,2,88,14,60,12,75,64,82,79,59,49,71,46,5,2.36285e+07
35,91,69,45,15,67,97,24,73,34,42,8,72,0,65,83,57,37,13,21,47,3,32,87,22,94,31,99,9,28,25,76,70,44,11,96,50,51,53,19,29,23,4,16,62,20,85,33,81,52,39,10,56,77,26,30,36,17,40,48,86,66,43,68,55,92,1,27,98,58,93,78,90,63,54,95,61,38,80,41,6,18,89,7,74,84,2,88,14,60,12,75,64,82,79,59,49,71,46,5,2.3597e+07
18,2,32,53,63,84,99,7,9,92,72,86,24,66,75,68,4,44,65,55,23,20,10,29,82,95,57,51,79,21,3,71,15,6,62,43,42,14,41,38,80,90,19,13,39,87,26,88,40,69,47,98,49,52,0,31,89,64,59,81,12,77,28,74,60,83,8,97,70,45,78,35,22,73,67,16,17,94,96,37,54,50,91,61,1,85,58,48,5,11,93,30,33,76,25,27,46,36,34,56,2.3584e+07
2,48,18,82,0,63,84,45,8,13,47,34,72,57,67,80,73,83,53,62,23,79,24,97,22,25,3,16,92,46,75,14,65,98,29,26,44,27,49,30,15,19,51,94,50,21,7,59,5,68,20,39,11,88,1,37,58,10,41,60,66,69,52,78,93,81,77,43,85,76,64,12,56,35,31,36,89,6,17,95,96,42,4,74,55,71,33,54,86,70,38,40,91,28,87,32,9,99,90,61,2.35145e+07
2,48,18,82,0,63,84,45,8,13,47,34,72,57,67,80,73,83,53,96,23,79,24,97,22,25,3,16,92,46,75,14,65,98,29,26,44,27,49,30,15,19,51,94,50,21,7,59,5,68,20,39,11,88,1,37,58,10,41,60,66,69,52,78,93,81,77,43,85,76,64,12,56,35,31,36,89,6,17,95,38,42,4,74,55,71,33,54,86,70,62,40,91,28,87,32,9,99,90,61,2.34691e+07
18,2,32,53,63,84,99,7,9,92,31,86,24,66,75,68,4,23,65,55,62,20,10,29,82,95,58,51,79,21,3,71,15,6,44,43,42,14,41,38,80,90,19,13,39,87,26,88,40,69,47,98,49,52,0,72,89,64,59,81,12,77,28,74,60,83,8,97,70,45,78,35,25,73,67,16,17,94,96,22,54,50,91,61,1,85,57,48,5,11,93,30,33,76,37,27,46,36,34,56,2.34653e+07
2,48,18,82,0,63,84,45,8,13,47,34,72,57,67,80,73,29,53,96,23,79,24,97,22,25,3,16,92,46,75,14,65,98,89,26,44,27,49,30,15,19,51,94,50,21,7,59,5,68,20,39,11,88,1,37,58,10,41,60,66,69,52,78,93,81,77,43,85,76,64,12,56,35,31,36,83,6,17,95,38,42,4,74,55,71,33,54,86,70,62,40,91,28,87,32,9,99,90,61,2.34311e+07
71,91,44,45,15,67,97,24,73,34,42,8,3,36,69,83,57,37,13,21,47,72,20,87,22,94,31,99,9,26,25,76,70,65,11,96,50,51,53,19,29,23,4,16,62,0,85,33,81,52,39,10,56,32,28,30,77,17,40,48,86,66,43,68,55,92,1,27,98,58,93,78,90,63,54,95,61,38,80,41,6,18,89,7,74,84,2,88,14,60,12,75,64,35,79,59,49,82,46,5,2.3376e+07
71,91,44,45,15,67,97,24,73,34,42,8,3,36,69,83,7,37,13,21,47,72,20,87,22,94,31,57,9,26,25,76,70,65,11,96,50,51,53,19,29,23,4,16,62,0,85,33,81,52,39,10,56,32,28,30,77,17,40,48,86,66,43,68,55,92,1,27,98,58,93,78,90,63,54,95,61,38,80,41,6,18,89,99,74,84,2,88,14,60,12,75,64,35,79,59,49,82,46,5,2.33469e+07
2,48,18,82,0,63,84,45,8,13,47,34,72,30,67,80,73,29,53,96,23,79,24,70,22,25,3,16,92,39,75,14,65,98,89,26,44,27,49,38,15,19,51,94,50,21,7,59,5,68,20,76,11,88,1,37,58,10,41,60,66,97,52,78,93,81,77,43,85,46,64,12,56,35,31,36,83,6,17,95,57,42,4,74,55,71,33,54,86,69,62,40,91,28,87,32,9,99,90,61,2.32761e+07
2,48,18,82,0,63,84,45,8,13,47,34,72,30,67,80,73,29,53,96,23,79,24,70,22,25,3,16,92,39,75,14,65,98,89,26,44,27,49,38,15,19,51,94,50,21,7,59,5,68,20,76,11,88,1,37,58,10,41,60,66,97,52,78,93,81,77,43,85,46,64,12,56,35,31,36,83,6,17,95,57,42,4,74,55,71,33,54,86,69,62,40,91,28,87,32,9,99,90,61,2.32761e+07
2,48,18,82,0,63,84,45,8,13,47,34,72,30,67,80,73,29,53,96,23,79,24,70,22,25,3,16,92,39,75,14,65,98,89,26,44,27,49,38,15,19,51,94,50,21,7,59,5,68,20,76,11,88,1,37,58,10,41,60,66,97,52,78,93,81,77,43,85,46,64,12,56,35,31,36,83,6,17,95,57,42,4,74,55,71,33,54,86,69,62,40,91,28,87,32,9,99,90,61,2.32761e+07
71,91,44,45,15,67,97,24,73,34,42,8,3,36,69,83,7,2,13,21,47,72,82,87,22,94,31,57,9,26,25,76,70,65,11,96,50,51,53,19,61,23,4,16,62,0,35,33,81,52,39,10,56,32,28,30,77,17,40,29,86,66,43,68,55,92,1,27,98,58,93,78,90,63,54,95,37,38,80,41,6,18,89,99,74,84,48,88,85,60,12,75,64,20,79,59,49,14,46,5,2.32505e+07
71,91,44,45,15,67,97,24,73,34,42,8,3,36,69,83,7,2,13,21,47,72,82,87,22,94,31,57,9,26,25,76,70,65,11,96,50,51,53,19,61,23,4,16,62,0,35,33,81,52,39,10,56,32,28,30,77,17,40,29,86,66,43,68,55,92,1,27,98,58,93,78,90,63,54,95,37,38,80,41,6,18,89,99,74,84,48,88,85,60,12,75,64,20,79,59,49,14,46,5,2.32505e+07
71,91,44,45,15,67,97,24,73,34,42,8,3,36,69,83,7,2,13,21,47,72,82,87,22,94,31,57,1,26,25,76,70,65,11,96,50,51,53,19,61,23,4,16,62,0,35,33,81,52,39,10,56,32,28,30,77,17,40,29,86,66,43,68,55,92,75,27,98,58,93,78,90,63,54,95,37,38,80,41,6,18,89,99,74,84,48,88,85,60,12,9,64,20,79,59,49,14,46,5,2.32242e+07
71,91,44,45,15,73,97,24,52,34,42,8,3,36,69,83,7,2,13,21,47,72,82,87,22,94,31,57,1,26,25,76,70,65,11,96,50,51,53,19,61,23,4,16,62,0,35,33,81,67,39,10,56,32,28,30,77,17,40,29,86,66,43,68,55,92,75,27,98,58,93,78,90,63,54,95,37,38,80,41,6,18,89,99,74,84,48,88,85,60,12,9,64,20,79,59,49,14,46,5,2.31697e+07
71,91,44,45,15,73,97,24,52,34,42,8,3,36,69,83,7,2,13,21,47,72,82,87,22,94,31,57,1,26,25,76,70,65,11,96,50,51,53,19,61,23,4,16,62,0,35,33,81,67,39,10,56,32,28,30,77,17,40,29,86,66,43,68,55,92,75,27,98,58,93,78,90,63,54,95,37,38,80,41,6,18,89,99,74,84,48,88,85,60,12,9,64,20,79,59,49,14,46,5,2.31697e+07
71,91,44,45,15,73,97,24,52,34,42,8,3,36,69,83,7,2,13,21,47,72,82,87,22,94,31,57,1,26,25,76,70,65,11,96,50,51,53,19,61,23,4,16,62,0,35,33,81,67,39,10,56,32,28,30,77,17,40,29,86,66,43,68,55,92,75,27,98,58,93,78,90,63,54,95,37,38,80,41,6,18,89,99,74,84,48,88,85,60,12,9,64,20,79,59,49,14,46,5,2.31697e+07
71,91,44,45,15,73,97,24,52,34,42,8,3,36,69,83,7,2,13,28,47,72,82,87,22,94,31,57,1,26,25,76,70,65,11,96,50,51,53,19,61,23,4,16,62,0,35,33,81,67,39,10,56,32,21,66,77,17,40,29,86,30,43,68,55,92,75,27,98,58,93,78,90,63,54,95,37,38,80,41,6,18,89,99,74,84,48,88,85,60,12,9,64,20,79,59,49,14,46,5,2.31194e+07
71,91,44,45,15,73,97,24,52,34,42,8,3,36,69,83,7,2,13,28,47,72,82,87,22,94,31,57,1,26,25,76,70,65,11,96,50,51,53,19,61,23,4,16,62,0,35,33,81,67,39,10,56,32,21,66,77,17,40,29,86,30,43,68,55,92,75,27,98,58,93,78,90,63,54,95,37,38,80,41,6,18,89,99,74,84,48,88,85,60,12,9,64,20,79,59,49,14,46,5,2.31194e+07
71,91,44,45,15,73,97,24,52,34,42,8,3,36,69,83,7,2,13,28,47,72,82,87,22,94,31,57,1,26,25,76,70,65,11,96,50,51,53,19,61,23,4,16,62,0,35,33,81,67,39,10,56,32,21,66,77,17,40,29,86,30,43,68,55,92,75,27,98,58,93,78,90,63,54,95,37,38,80,41,6,18,89,99,74,84,48,88,85,60,12,9,64,20,79,59,49,14,46,5,2.31194e+07
71,91,44,45,15,73,97,24,52,34,42,8,3,36,69,83,7,2,13,28,47,72,82,87,22,94,31,57,1,26,25,76,70,65,11,96,50,51,53,19,61,23,4,16,62,0,35,33,81,67,39,10,56,32,21,66,77,17,40,29,86,30,43,68,55,92,75,27,98,58,93,78,90,63,54,95,37,38,80,41,6,18,89,99,74,84,48,88,85,60,12,9,64,20,79,59,49,14,46,5,2.31194e+07
71,91,44,45,15,73,97,24,52,34,42,8,3,36,69,83,7,2,13,28,47,72,82,87,22,94,31,57,1,26,25,76,70,65,11,96,50,51,53,19,61,23,4,16,62,0,35,33,81,67,39,10,56,32,21,66,77,17,40,29,86,30,43,68,55,92,75,27,98,58,93,78,90,63,54,95,37,38,80,41,6,18,89,99,74,84,48,88,85,60,12,9,64,20,79,59,49,14,46,5,2.31194e+07
71,91,44,45,15,73,97,24,52,34,42,8,3,36,69,83,7,2,13,28,47,72,82,87,22,94,31,57,1,26,25,76,70,65,11,96,50,51,53,19,61,23,4,16,62,0,35,33,81,67,39,10,56,32,21,66,77,17,40,29,86,30,43,68,55,92,75,27,98,58,93,78,90,63,54,95,37,38,80,41,6,18,89,99,74,84,48,88,85,60,12,9,64,20,79,59,49,14,46,5,2.31194e+07
2,48,18,82,0,63,84,45,8,13,47,1,74,30,67,80,73,83,53,24,29,79,81,70,22,25,3,16,92,39,72,14,65,98,89,26,15,27,49,38,58,99,51,94,50,21,7,59,5,60,20,76,11,88,75,37,69,10,41,46,66,97,52,78,19,44,77,43,85,68,64,12,56,35,31,36,23,28,6,95,57,42,4,34,55,71,33,54,86,96,62,40,91,17,87,32,9,93,90,61,2.31007e+07
2,48,18,82,0,63,84,45,8,13,47,1,74,30,67,80,73,83,53,24,29,79,81,70,22,25,3,16,92,39,72,14,65,98,89,26,15,27,49,38,58,99,51,94,50,21,7,59,5,60,20,76,11,88,75,37,69,10,41,46,66,97,52,78,19,44,77,43,85,68,64,12,56,35,31,36,23,28,6,95,57,42,4,34,55,71,33,54,86,96,62,40,91,17,87,32,9,93,90,61,2.31007e+07
71,91,44,45,15,73,97,24,52,34,42,8,3,36,69,83,7,2,13,28,47,72,82,87,22,94,31,57,1,26,25,76,70,65,11,96,50,59,53,19,61,23,4,16,62,0,35,33,81,67,39,10,56,32,21,66,77,79,40,29,86,30,43,68,55,92,75,27,98,58,93,78,90,63,54,84,37,38,80,41,6,18,89,99,74,60,48,88,85,95,12,9,64,20,17,51,49,14,46,5,2.30693e+07
71,91,44,45,15,73,97,24,52,34,42,8,3,36,69,83,7,2,13,28,47,72,82,87,22,94,31,57,1,26,25,76,70,65,11,96,50,59,53,19,61,23,4,16,62,0,35,33,81,67,39,10,56,32,21,66,77,79,40,29,86,30,43,68,55,92,75,27,98,58,93,78,90,63,54,84,37,38,80,41,6,18,89,99,74,60,48,88,85,95,12,9,64,20,17,51,49,14,46,5,2.30693e+07
71,91,44,45,15,73,97,24,52,34,42,8,3,36,69,83,7,2,13,28,47,72,82,87,22,94,31,57,1,26,25,76,70,65,11,96,50,59,53,19,61,23,4,16,62,0,35,33,81,67,39,10,56,32,21,66,77,79,40,29,86,30,43,68,55,92,75,27,98,58,93,78,90,63,54,84,37,38,80,41,6,18,89,99,74,60,48,88,85,95,12,9,64,20,17,51,49,14,46,5,2.30693e+07
71,91,44,45,15,73,97,24,20,34,42,8,3,36,69,83,7,2,13,28,47,72,82,87,22,94,31,57,1,26,25,76,70,65,11,96,50,59,53,19,61,23,4,16,62,0,35,33,81,67,39,10,56,32,21,66,77,79,40,29,86,52,43,68,55,92,75,27,98,58,93,78,90,63,54,84,37,38,80,41,6,18,89,99,74,60,48,88,85,95,12,9,64,30,17,51,49,14,46,5,2.30072e+07
71,91,44,45,15,73,97,24,20,34,42,8,3,36,69,83,7,2,13,28,47,72,82,87,22,94,31,57,1,26,25,76,70,65,11,96,50,59,53,19,61,23,4,16,62,0,35,33,81,67,39,10,56,32,21,66,77,79,40,29,86,52,43,68,55,92,75,27,98,58,93,78,90,63,54,84,37,38,80,41,6,18,89,99,74,60,48,88,85,95,12,9,64,30,17,51,49,14,46,5,2.30072e+07
71,91,44,45,15,73,97,24,20,34,42,8,3,36,69,83,7,2,13,28,47,72,82,87,22,94,31,57,1,26,25,76,70,65,11,96,50,59,53,19,61,23,4,16,62,0,35,33,81,67,39,10,56,32,21,66,77,79,40,29,86,52,43,68,55,92,75,27,98,58,93,78,90,63,54,84,37,38,80,41,6,18,89,99,74,60,48,88,85,95,12,9,64,30,17,51,49,14,46,5,2.30072e+07
71,91,44,45,15,73,97,24,20,34,42,8,3,36,69,83,7,2,13,28,47,72,82,87,22,94,31,57,1,26,25,76,70,65,14,96,50,59,53,19,61,23,4,16,62,0,35,33,81,67,39,10,56,32,21,66,77,79,40,29,86,52,43,68,55,92,11,27,98,58,93,78,90,63,54,84,37,38,80,41,6,18,89,99,74,60,48,88,85,95,12,9,64,30,17,51,49,75,46,5,2.29739e+07
71,91,44,45,15,73,97,24,20,34,42,8,3,36,69,83,7,2,13,28,47,72,82,87,22,94,31,57,1,26,25,76,70,65,14,96,50,59,53,19,61,23,4,16,62,0,35,33,81,67,39,10,56,32,21,66,77,79,40,29,86,52,43,68,55,92,11,27,98,58,93,78,90,63,54,84,37,38,80,41,6,18,89,99,74,60,48,88,85,95,12,9,64,30,17,51,49,75,46,5,2.29739e+07
71,91,44,45,15,73,97,24,20,34,42,8,3,36,69,83,7,2,13,28,47,72,82,87,22,94,31,57,1,26,25,76,70,65,14,96,50,59,53,19,61,23,4,16,62,0,35,33,81,67,39,10,56,32,21,66,77,79,40,29,86,52,43,68,55,92,11,27,98,58,93,78,90,63,54,84,37,38,80,41,6,18,89,99,74,60,48,88,85,95,12,9,64,30,17,51,49,75,46,5,2.29739e+07
71,91,44,45,15,73,97,24,20,34,42,8,3,36,69,83,7,2,13,28,47,72,82,87,22,94,31,57,1,26,25,76,70,65,14,96,50,59,53,19,61,23,4,16,62,0,35,33,81,67,39,10,56,32,21,66,77,79,40,29,86,52,43,68,55,92,11,27,98,58,93,78,90,63,54,84,37,38,80,41,6,18,89,99,74,60,48,88,85,95,12,9,64,30,17,51,49,75,46,5,2.29739e+07
71,91,44,45,15,73,97,24,20,34,42,8,3,36,69,83,7,2,13,28,47,72,82,87,22,94,31,57,1,26,25,76,70,65,14,96,50,59,53,19,61,23,4,16,62,0,35,33,81,67,39,10,56,32,21,66,77,79,40,29,86,52,43,68,55,92,11,27,98,58,93,78,90,63,54,84,37,38,80,41,6,18,89,99,74,60,48,88,85,95,12,9,64,30,17,51,49,75,46,5,2.29739e+07
71,91,44,45,15,73,97,24,20,34,42,8,3,36,69,83,7,2,13,28,47,72,82,87,22,94,31,57,1,26,25,76,70,65,14,96,50,59,53,19,61,23,4,16,62,0,35,33,81,67,39,10,56,32,21,66,77,79,40,29,86,52,43,68,55,92,11,27,98,58,93,78,90,63,54,84,37,38,80,41,6,18,89,99,74,60,48,88,85,95,12,9,64,30,17,51,49,75,46,5,2.29739e+07
71,91,44,45,15,73,97,24,20,34,42,8,3,36,69,83,7,2,13,28,47,72,82,87,22,94,31,57,1,26,25,76,70,65,14,96,50,59,53,19,61,23,4,16,62,0,35,33,81,67,39,10,56,32,21,66,77,79,40,29,86,52,43,68,55,92,11,27,98,58,93,78,90,63,54,84,37,38,80,41,6,18,89,99,74,60,48,88,85,95,12,9,64,30,17,51,49,75,46,5,2.29739e+07
71,91,44,45,15,73,97,24,20,34,42,8,3,36,69,83,7,2,13,28,47,72,82,87,22,94,31,57,1,26,25,76,70,65,14,96,50,11,53,19,61,23,4,16,62,0,35,33,81,67,39,10,56,32,21,66,77,79,40,29,86,52,43,68,55,92,98,27,59,58,93,78,90,63,54,84,37,38,80,41,6,18,89,99,74,60,48,88,85,95,12,9,64,30,17,51,49,75,46,5,2.29601e+07
71,91,44,45,15,73,97,24,20,34,42,8,3,36,69,83,7,2,13,28,47,72,82,87,22,94,31,57,1,26,25,76,70,65,14,96,50,11,53,19,61,23,4,16,62,0,35,33,81,67,39,10,56,32,21,66,77,79,40,29,86,52,43,68,55,92,98,27,59,58,93,78,90,63,54,84,37,38,80,41,6,18,89,99,74,60,48,88,85,95,12,9,64,30,17,51,49,75,46,5,2.29601e+07
71,91,44,45,15,73,97,24,20,34,42,8,3,36,69,83,7,2,13,28,47,72,82,87,22,94,31,57,1,26,25,76,70,65,14,96,50,11,53,19,61,23,4,16,62,0,35,33,81,67,39,10,56,32,21,66,77,79,40,29,86,52,43,68,55,92,98,27,59,58,93,78,90,63,54,84,37,38,80,41,6,18,89,99,74,60,48,88,85,95,12,9,64,30,17,51,49,75,46,5,2.29601e+07
71,91,44,45,15,73,97,24,20,34,42,8,3,36,69,83,7,2,13,28,47,72,82,87,22,94,31,57,1,26,25,76,70,65,14,96,50,11,53,19,61,23,4,16,62,0,35,33,81,67,39,10,56,32,21,66,77,79,40,29,86,52,43,68,55,92,98,27,59,58,93,78,90,63,54,84,37,38,80,41,6,18,89,99,74,60,48,88,85,95,12,9,64,30,17,51,49,75,46,5,2.29601e+07
71,91,44,45,15,73,97,24,20,34,42,8,3,36,69,83,7,2,13,28,47,72,82,87,22,94,31,57,1,26,25,76,70,65,14,96,50,11,53,19,61,23,4,16,62,0,35,33,81,67,39,10,56,32,21,66,77,79,40,29,86,52,43,68,55,92,98,27,59,58,93,78,90,63,54,84,37,38,80,41,6,18,89,99,74,60,48,88,85,95,12,9,64,30,17,51,49,75,46,5,2.29601e+07
52,92,14,54,10,1,96,94,67,5,18,40,12,99,22,65,37,47,45,13,32,78,90,55,16,38,53,88,97,27,49,23,60,57,28,69,30,17,8,42,91,6,58,29,34,41,21,98,7,63,20,61,35,0,66,43,3,39,95,87,83,25,72,86,50,36,80,26,62,82,81,74,2,48,59,56,15,73,4,64,33,85,77,46,68,9,70,24,11,31,19,76,84,44,89,51,75,71,79,93,2.29516e+07
52,92,14,54,10,1,96,94,67,5,18,40,12,99,22,65,37,47,45,13,32,78,90,55,16,38,53,88,97,27,49,23,60,57,28,69,30,17,8,42,91,6,72,29,34,41,21,98,58,63,20,61,35,0,66,43,3,39,95,87,83,25,7,86,50,36,80,26,62,82,81,74,2,48,59,56,15,73,4,64,33,85,77,46,68,9,70,24,11,31,19,76,84,44,89,51,75,71,79,93,2.29285e+07
71,91,44,45,15,73,97,24,20,34,42,8,3,36,69,83,7,2,13,28,47,72,82,87,22,94,31,57,1,26,25,76,35,65,14,96,50,11,53,19,61,23,4,16,62,0,70,33,81,67,39,10,56,32,21,66,77,79,40,29,86,52,43,68,74,92,98,27,59,58,93,78,90,63,54,84,37,38,80,41,6,18,89,99,55,60,48,88,85,95,12,9,64,30,17,51,49,75,46,5,2.29122e+07
71,91,44,45,15,73,97,24,20,34,42,8,3,36,69,83,7,2,13,28,47,72,82,87,22,94,31,57,1,26,25,76,35,65,14,96,50,11,53,19,61,23,4,16,62,0,70,33,81,67,39,10,56,32,21,66,77,79,40,29,86,52,43,68,74,92,98,27,59,58,93,78,90,63,54,84,37,38,80,41,6,18,89,99,55,60,48,88,85,95,12,9,64,30,17,51,49,75,46,5,2.29122e+07
52,92,14,54,10,1,96,94,67,5,18,40,12,99,22,65,37,47,45,13,32,78,90,16,66,38,53,88,97,27,49,23,60,57,28,69,30,17,8,42,91,6,72,29,34,41,21,98,58,63,20,61,35,0,55,43,3,39,95,87,83,25,7,86,50,36,80,26,62,82,81,74,2,48,59,56,15,73,4,64,33,85,77,46,68,9,70,24,11,31,19,76,84,44,89,51,75,71,79,93,2.28999e+07
52,92,14,54,10,1,96,94,67,5,18,40,12,99,22,65,37,47,45,13,32,78,90,16,66,38,53,88,97,27,49,23,60,57,83,69,30,17,8,42,91,6,72,29,34,41,21,98,58,63,20,61,35,0,55,43,3,39,95,87,77,25,7,86,50,36,80,26,62,82,81,74,2,48,59,56,15,73,4,64,33,85,28,46,68,9,70,24,11,31,19,76,84,44,89,51,75,71,79,93,2.28734e+07
52,92,14,54,10,1,96,94,67,5,18,40,12,99,22,65,37,47,45,13,32,78,90,16,66,38,53,88,97,27,49,23,60,57,83,69,30,17,8,42,91,6,72,29,34,41,21,98,58,63,20,61,35,0,55,43,3,39,95,87,77,25,7,86,50,36,80,26,62,82,81,74,2,48,59,56,15,73,4,64,33,85,28,46,68,9,70,24,11,31,19,76,84,44,89,51,75,71,79,93,2.28734e+07
52,92,14,54,10,1,96,94,67,5,18,40,12,99,22,65,37,47,45,13,32,78,90,16,66,38,53,88,97,27,49,23,60,57,83,69,30,17,8,42,91,6,72,29,34,41,21,98,58,63,20,61,35,0,55,43,3,39,95,87,77,25,7,86,50,36,80,26,62,82,81,74,2,48,59,56,15,73,4,64,33,85,28,46,68,9,70,24,11,31,19,76,84,44,89,51,75,71,79,93,2.28734e+07
52,92,14,54,10,1,96,94,67,5,18,40,12,99,22,65,37,47,45,13,32,78,90,16,66,38,53,88,97,27,49,23,60,57,83,69,30,17,8,42,91,6,72,29,34,41,21,98,58,63,20,61,35,0,55,43,3,39,95,87,77,25,7,86,50,36,80,26,62,82,81,74,2,48,59,56,15,73,4,64,33,85,28,46,68,9,70,24,11,31,19,76,84,44,89,51,75,71,79,93,2.28734e+07
52,92,14,54,10,1,96,94,67,5,18,40,12,99,22,65,37,47,45,13,32,78,90,16,66,38,53,88,97,27,49,23,60,57,83,69,30,17,8,42,91,6,72,29,34,41,21,98,58,63,20,61,35,0,55,43,3,39,95,87,77,25,7,86,50,36,80,26,62,82,81,74,2,48,59,56,15,73,4,64,33,85,28,46,68,9,70,24,11,31,19,76,84,44,89,51,75,71,79,93,2.28734e+07
52,92,14,54,10,1,96,94,67,5,18,40,12,99,22,65,37,47,45,13,32,78,90,16,66,38,53,88,97,27,49,23,50,57,83,69,30,17,8,42,91,6,72,29,34,41,21,98,58,63,20,61,35,0,55,43,3,39,95,87,77,25,7,86,28,36,80,26,62,82,81,74,2,48,59,56,15,73,4,64,33,85,60,46,68,9,70,24,11,31,19,76,84,44,89,51,75,71,79,93,2.28533e+07
52,92,14,54,10,1,96,94,67,5,18,40,12,55,22,65,37,47,45,13,32,78,90,16,66,38,53,88,97,27,49,23,50,57,83,69,30,17,8,42,91,6,72,29,34,41,21,98,58,63,20,61,35,0,39,43,3,99,95,87,77,25,7,86,28,36,80,26,62,82,81,74,2,48,59,56,15,73,4,64,33,85,60,46,68,9,70,24,11,31,19,76,84,44,89,51,75,71,79,93,2.2817e+07
52,92,14,54,10,1,96,94,67,5,18,40,12,55,22,65,37,47,45,13,32,78,90,16,66,38,53,88,97,27,49,23,50,57,83,69,30,17,8,42,91,6,72,29,34,41,21,98,58,63,20,61,35,0,39,43,3,99,95,87,77,25,7,86,28,36,80,26,62,82,81,74,2,48,59,56,15,73,4,64,33,85,60,46,68,9,70,24,11,31,19,76,84,44,89,51,75,71,79,93,2.2817e+07
52,92,14,54,10,1,96,94,67,5,18,40,12,55,22,65,37,47,45,13,32,78,90,16,66,38,53,88,97,27,49,23,50,57,83,69,30,17,8,42,91,6,72,29,34,41,21,98,58,63,20,61,35,0,39,43,3,99,95,87,77,25,7,86,28,36,80,26,62,82,81,74,2,48,59,56,15,73,4,64,33,85,60,46,68,9,70,24,11,31,19,76,84,44,89,51,75,71,79,93,2.2817e+07
52,92,14,54,10,1,96,94,67,5,18,40,12,55,22,65,37,47,45,13,32,78,90,16,66,38,53,88,97,27,49,23,50,57,83,69,30,17,8,42,91,6,72,29,34,41,21,98,58,63,20,61,35,0,39,43,3,99,95,87,77,25,7,86,28,36,80,26,62,82,81,74,2,48,59,56,15,73,4,64,33,85,60,46,68,9,70,24,11,31,19,76,84,44,89,51,75,71,79,93,2.2817e+07
52,92,14,54,10,1,96,94,67,5,18,40,12,55,22,65,37,47,45,13,32,78,90,16,66,38,53,88,97,27,49,23,50,57,83,69,30,17,8,42,91,6,72,29,34,41,21,98,58,63,20,61,35,0,39,43,3,99,95,87,77,25,7,86,28,36,80,26,62,82,81,74,2,48,59,56,15,73,4,64,33,85,60,46,68,9,70,24,11,31,19,76,84,44,89,51,75,71,79,93,2.2817e+07
52,92,14,54,10,1,96,94,67,5,18,40,12,55,22,65,37,47,45,13,32,78,90,16,66,38,53,88,97,27,49,23,50,57,83,69,30,17,8,42,91,6,72,29,34,41,21,98,58,63,20,61,35,0,39,43,3,99,95,87,77,25,7,86,28,36,80,26,62,82,81,74,2,48,59,56,15,73,4,64,33,85,60,46,68,9,70,24,11,31,19,76,84,44,89,51,75,71,79,93,2.2817e+07
52,92,14,54,10,1,96,94,67,5,18,40,12,55,22,65,37,47,45,13,32,78,90,16,66,38,53,88,97,27,49,23,50,57,83,69,30,17,8,42,91,6,72,29,34,41,21,98,58,63,20,61,35,0,39,43,3,99,95,87,77,25,7,86,28,36,80,26,62,82,81,74,2,48,59,56,15,73,4,64,33,85,60,46,68,9,70,24,11,31,19,76,84,44,89,51,75,71,79,93,2.2817e+07
52,92,14,54,10,1,96,94,67,5,18,40,12,55,22,65,37,47,45,13,32,78,90,16,66,38,53,88,97,27,49,23,50,57,83,69,30,17,8,42,91,6,72,29,34,41,21,98,58,63,20,61,35,0,39,43,3,99,95,87,77,25,7,86,28,36,80,26,62,82,81,74,2,48,59,56,15,73,4,64,33,85,60,46,68,9,70,24,11,31,19,76,84,44,89,51,75,71,79,93,2.2817e+07
52,92,14,54,10,1,96,94,67,5,18,40,12,55,22,65,37,47,45,13,32,78,90,16,66,38,53,88,97,27,49,23,50,57,83,69,30,17,8,42,91,6,72,29,34,41,21,98,58,63,20,61,35,0,39,43,3,99,95,87,77,25,7,86,28,36,80,26,62,82,81,74,2,48,59,56,15,73,4,64,33,85,60,46,68,9,70,24,11,31,19,76,84,44,89,51,75,71,79,93,2.2817e+07
52,92,14,54,10,1,96,94,67,5,18,40,12,55,22,65,37,47,45,13,32,78,90,16,66,38,53,88,97,27,49,23,50,57,83,69,30,17,8,42,91,6,72,70,34,41,21,98,58,63,20,61,35,0,39,43,3,99,95,87,77,25,7,86,28,36,80,26,62,82,81,74,2,48,29,56,15,73,4,64,33,85,60,46,68,9,59,24,11,31,19,76,84,44,89,51,75,71,79,93,2.27986e+07
52,92,14,54,10,1,96,94,67,5,18,40,12,55,22,65,37,47,45,13,32,78,90,16,66,38,53,88,97,27,49,23,50,57,83,69,30,17,8,42,91,6,72,70,34,41,21,98,58,63,20,61,35,0,39,43,3,99,95,87,77,25,7,86,28,36,80,26,62,82,81,74,2,48,29,56,15,73,4,64,33,85,60,46,68,9,59,24,11,31,19,76,84,44,89,51,75,71,79,93,2.27986e+07
52,92,14,54,10,1,96,94,67,5,18,28,12,55,22,65,37,47,45,13,32,78,90,16,66,38,53,88,97,27,49,40,50,57,83,69,30,17,8,42,91,6,72,70,34,41,21,98,58,63,20,61,35,0,39,43,3,99,95,87,77,25,7,86,23,36,80,26,62,82,81,74,2,48,29,56,15,73,4,64,33,85,60,46,68,9,59,24,11,31,19,76,84,44,89,51,75,71,79,93,2.27912e+07
52,92,14,54,10,1,96,94,67,5,18,28,12,55,22,65,37,47,45,13,32,78,90,16,66,38,53,88,97,27,49,40,50,57,83,69,30,17,8,42,91,6,72,70,34,41,21,98,58,63,20,61,35,0,39,43,3,99,95,87,77,25,7,86,23,36,80,26,62,82,81,74,2,48,29,56,15,73,4,64,33,85,60,46,68,9,59,24,11,31,19,76,84,44,89,51,75,71,79,93,2.27912e+07
52,92,14,54,10,1,96,94,67,5,18,28,12,55,22,65,37,47,45,13,32,78,90,16,66,38,53,88,97,27,49,40,50,57,83,69,30,17,8,42,91,6,72,70,34,41,21,98,58,63,20,61,35,0,39,43,3,99,95,87,77,25,7,86,23,36,80,26,62,82,81,74,2,48,29,56,15,73,4,64,33,85,60,46,68,9,59,24,11,31,19,76,84,44,89,51,75,71,79,93,2.27912e+07
2,48,98,90,0,62,84,45,8,13,47,76,74,20,67,88,11,50,53,24,29,79,81,70,22,25,3,16,92,39,72,14,65,52,82,26,19,17,49,38,58,30,51,94,75,21,7,44,46,60,99,1,9,4,40,43,69,10,41,73,66,97,34,78,36,83,77,31,96,15,64,12,56,35,27,5,23,28,59,85,57,42,80,18,55,71,33,54,86,95,89,37,91,68,87,32,6,93,63,61,2.27786e+07
71,91,44,78,15,73,97,24,20,34,42,8,3,36,69,83,32,2,13,28,47,72,94,87,22,63,31,57,1,26,25,76,35,51,14,96,50,11,53,19,61,23,4,16,62,0,70,33,17,67,39,10,56,7,21,81,77,79,40,30,86,52,43,68,74,92,98,27,59,48,93,90,45,55,54,84,37,38,80,41,6,18,89,99,64,60,65,88,85,95,12,9,82,75,66,58,49,29,46,5,2.27459e+07
71,91,44,78,15,73,97,24,20,34,42,10,3,36,69,83,32,2,13,28,47,72,94,87,22,63,31,57,1,26,25,76,35,51,14,96,50,11,53,8,61,23,4,16,62,0,70,33,17,67,39,19,56,7,21,81,77,79,40,30,86,52,43,68,74,92,98,27,59,48,93,90,45,55,54,84,37,38,80,41,6,18,89,99,64,60,65,88,85,95,12,9,82,75,66,58,49,29,46,5,2.27363e+07
71,91,44,78,15,73,97,24,20,34,42,10,3,36,69,83,32,2,13,28,47,72,94,87,22,63,31,57,1,26,25,76,35,51,14,96,50,11,53,8,61,23,4,16,62,0,70,33,17,67,39,19,56,7,21,81,77,79,40,30,86,52,43,68,74,92,98,27,59,48,93,90,45,55,54,84,37,38,80,41,6,18,89,99,64,60,65,88,85,95,12,9,82,75,66,58,49,29,46,5,2.27363e+07
2,48,98,90,0,27,84,45,8,13,47,76,74,20,67,24,11,50,53,23,29,79,81,70,22,25,3,16,92,39,72,14,65,52,82,26,19,17,49,38,58,30,51,94,75,21,7,44,46,60,99,1,9,4,40,43,69,10,41,73,66,97,34,78,36,83,63,31,96,15,64,12,56,35,62,5,88,28,59,85,57,42,80,18,55,71,33,54,86,95,89,37,91,68,87,32,6,93,77,61,2.27327e+07
2,48,98,90,0,27,84,45,8,13,47,76,74,20,67,24,11,50,53,23,29,79,81,70,22,25,3,16,92,39,72,14,65,52,82,26,19,17,49,38,58,30,51,94,75,21,7,44,46,60,99,1,9,4,40,43,69,10,41,73,66,97,34,78,36,83,63,31,96,15,64,12,56,35,62,5,88,28,59,85,57,42,80,18,55,71,33,54,86,95,89,37,91,68,87,32,6,93,77,61,2.27327e+07
2,48,98,90,0,27,84,45,8,13,47,76,74,20,67,24,11,50,53,23,29,79,81,70,22,25,3,16,92,39,72,14,65,52,82,26,19,17,49,38,58,30,51,94,75,21,7,44,46,60,99,1,9,4,40,43,69,10,41,73,66,97,34,78,36,83,63,31,96,15,64,12,56,35,62,5,88,28,59,85,57,42,80,18,55,71,33,54,86,95,89,37,91,68,87,32,6,93,77,61,2.27327e+07
2,48,98,90,0,27,84,45,8,13,47,76,74,20,67,24,11,50,53,23,29,79,81,70,22,25,3,16,92,39,72,14,65,52,82,26,19,17,49,38,58,30,51,94,75,21,7,44,46,60,99,1,9,4,40,43,69,10,41,73,66,97,34,78,36,83,63,31,96,15,64,12,56,35,62,5,88,28,59,85,57,42,80,18,55,71,33,54,86,95,89,37,91,68,87,32,6,93,77,61,2.27327e+07
2,48,98,90,0,27,84,45,8,13,47,76,74,20,67,24,11,50,53,23,29,79,81,70,22,25,3,16,92,39,72,14,65,52,82,26,19,17,49,38,58,30,51,94,75,21,7,44,46,60,99,1,9,4,40,43,69,10,41,73,66,97,34,78,36,83,63,31,96,15,64,12,56,35,62,5,88,28,59,85,57,42,80,18,55,71,33,54,86,95,89,37,91,68,87,32,6,93,77,61,2.27327e+07
2,48,98,90,0,27,84,45,8,13,47,76,74,20,67,24,11,50,53,23,29,79,81,70,22,25,3,16,92,39,72,14,65,52,82,26,19,17,49,38,58,30,51,94,75,21,7,44,46,60,99,1,9,4,40,43,69,10,41,73,66,97,34,78,36,83,63,31,96,15,64,12,56,35,62,5,88,28,59,85,57,42,80,18,55,71,33,54,86,95,89,37,91,68,87,32,6,93,77,61,2.27327e+07
2,48,98,90,0,27,84,45,8,13,47,76,74,20,67,24,11,50,53,23,29,79,81,70,22,25,3,16,92,39,72,14,65,52,82,26,19,17,49,38,58,30,51,94,75,21,7,44,46,60,99,1,9,4,40,43,69,10,41,73,66,97,34,78,36,83,63,31,96,15,64,12,56,35,62,5,88,28,59,85,57,42,80,18,55,71,33,54,86,95,89,37,91,68,87,32,6,93,77,61,2.27327e+07
2,48,98,90,0,27,84,45,8,13,47,76,74,20,67,24,11,50,53,23,29,79,81,70,22,25,3,16,92,39,72,14,65,52,82,26,19,17,49,38,58,30,51,94,75,21,7,44,46,60,99,1,9,4,40,43,69,10,41,73,66,97,34,78,36,83,63,31,96,15,64,12,56,35,62,5,88,28,59,85,57,42,80,18,55,71,33,54,86,95,89,37,91,68,87,32,6,93,77,61,2.27327e+07
2,48,98,90,0,27,84,45,8,13,47,76,74,20,67,24,11,50,53,23,29,79,81,70,22,25,3,16,92,39,72,14,65,52,82,26,19,17,49,38,58,30,51,94,75,21,7,44,46,60,99,1,9,4,40,43,69,10,41,73,66,97,34,78,36,83,63,31,96,15,64,12,56,35,62,5,88,28,59,85,57,42,80,18,55,71,33,54,86,95,89,37,91,68,87,32,6,93,77,61,2.27327e+07
2,48,98,90,0,27,84,45,8,13,47,76,74,20,67,24,11,50,53,23,29,79,81,70,22,25,3,16,92,39,72,14,65,52,82,26,19,17,49,38,58,30,51,94,75,21,7,44,46,60,99,1,9,4,40,43,69,10,41,73,66,97,34,78,36,83,63,31,96,15,64,12,56,35,62,5,88,28,59,85,57,42,80,18,55,71,33,54,86,95,89,37,91,68,87,32,6,93,77,61,2.27327e+07
2,48,98,90,0,27,84,45,8,13,47,76,74,20,67,24,11,50,53,23,29,79,81,70,22,25,3,16,92,39,72,14,65,52,82,26,19,17,49,38,58,30,51,94,75,21,7,44,46,60,99,1,9,4,40,43,69,10,41,73,66,97,34,78,36,83,63,31,96,15,64,12,56,35,62,5,88,28,59,85,57,42,80,18,55,71,33,54,86,95,89,37,91,68,87,32,6,93,77,61,2.27327e+07
2,48,98,90,0,27,84,45,8,13,47,76,74,20,67,24,11,50,53,23,29,79,81,70,22,25,3,16,92,39,72,14,65,52,82,26,19,17,49,38,58,30,51,94,75,21,7,44,46,60,99,1,9,4,40,43,69,10,41,73,66,97,34,78,36,83,63,31,96,15,64,12,56,35,62,5,88,28,59,85,57,42,80,18,55,71,33,54,86,95,89,37,91,68,87,32,6,93,77,61,2.27327e+07
52,92,35,54,10,1,96,94,67,5,93,28,12,55,22,65,37,47,45,13,32,78,90,16,4,38,53,88,97,27,49,40,50,57,83,69,30,17,8,82,91,6,14,70,34,41,21,98,58,63,20,61,81,0,39,43,3,99,95,87,77,25,7,86,23,36,42,26,62,80,64,74,2,48,29,56,15,73,66,72,33,85,60,46,68,9,59,24,11,31,19,76,84,44,89,51,75,71,79,18,2.27219e+07
37,92,87,54,10,1,96,94,67,5,93,28,12,55,22,65,52,47,45,13,32,78,90,16,4,38,53,88,97,27,49,40,50,57,83,69,30,17,8,82,91,6,14,70,34,41,21,98,58,63,20,61,81,0,39,43,3,99,95,35,77,25,7,86,23,36,42,26,62,80,64,74,2,48,29,56,15,73,66,72,33,85,60,46,68,9,59,24,11,31,19,76,84,44,89,51,75,71,79,18,2.2702e+07
37,92,87,54,10,1,96,94,67,5,93,28,12,55,22,65,52,47,45,13,32,78,90,16,4,38,53,88,97,27,49,40,50,57,83,69,30,17,8,82,91,6,14,70,34,41,21,98,58,63,20,61,81,0,39,43,3,99,95,35,77,25,7,86,23,36,42,26,62,80,64,74,2,48,29,56,15,73,66,72,33,85,60,46,68,9,59,24,11,31,19,76,84,44,89,51,75,71,79,18,2.2702e+07
2,48,98,90,0,27,84,45,8,13,47,76,74,20,67,24,11,50,53,23,29,79,81,70,22,25,3,16,92,58,72,14,65,52,82,26,19,17,49,38,9,30,51,94,75,21,54,44,46,12,99,1,39,4,40,43,69,10,41,73,66,97,34,78,36,83,63,31,96,15,64,60,56,35,62,5,88,28,59,85,57,42,80,18,55,71,33,7,86,95,89,37,91,68,87,32,6,93,77,61,2.26873e+07
2,48,98,90,0,27,84,45,8,13,47,76,74,20,67,24,11,50,53,23,29,79,81,70,22,25,3,16,92,58,72,14,65,52,82,26,19,17,49,38,9,30,51,94,75,21,54,44,46,12,99,1,39,4,40,43,69,10,41,73,66,97,34,78,36,83,63,31,96,15,64,60,56,35,62,5,88,28,59,85,57,42,80,18,55,71,33,7,86,95,89,37,91,68,87,32,6,93,77,61,2.26873e+07
2,48,98,90,0,27,84,45,8,13,47,76,74,20,67,24,11,50,53,23,29,79,81,70,22,25,3,16,92,58,72,14,65,52,82,26,19,17,49,38,9,30,51,94,75,21,54,44,46,12,99,1,39,4,40,43,69,10,41,73,66,97,34,78,36,83,63,31,96,15,64,60,56,35,62,5,88,28,59,85,57,42,80,18,55,71,33,7,86,95,89,37,91,68,87,32,6,93,77,61,2.26873e+07
2,48,98,90,0,27,84,45,8,13,47,76,74,20,67,24,11,50,53,23,29,79,81,70,22,25,3,16,92,58,72,14,65,52,82,26,19,17,49,38,9,30,51,94,75,21,54,44,46,12,99,1,39,4,40,43,69,10,41,73,66,97,34,78,36,83,63,31,96,15,64,60,56,35,62,5,88,28,59,85,57,42,80,18,55,71,33,7,86,95,89,37,91,68,87,32,6,93,77,61,2.26873e+07
2,48,98,90,0,27,84,45,8,13,47,76,74,20,67,24,11,50,53,23,29,79,81,70,22,25,3,16,92,58,72,14,65,52,82,26,19,17,49,38,9,30,51,94,75,21,54,44,46,12,99,1,39,4,40,43,69,10,41,73,66,97,34,78,36,83,63,31,96,15,64,60,56,35,62,5,88,28,59,85,57,42,80,18,55,71,33,7,86,95,89,37,91,68,87,32,6,93,77,61,2.26873e+07
2,48,98,90,0,27,84,45,8,13,47,76,74,20,67,24,11,50,53,23,29,79,81,70,22,25,3,16,92,58,72,14,65,52,82,26,19,17,49,38,9,30,51,94,75,21,54,44,46,12,99,1,39,4,40,43,69,10,41,73,66,97,34,78,36,83,63,31,96,15,64,60,56,35,62,5,88,28,59,85,57,42,80,18,55,71,33,7,86,95,89,37,91,68,87,32,6,93,77,61,2.26873e+07
2,48,98,90,0,27,84,45,8,13,47,76,74,20,67,24,11,50,53,23,29,79,81,70,22,25,3,16,92,58,72,14,65,52,82,26,19,17,49,38,9,30,51,94,75,21,54,44,46,12,99,1,39,4,40,43,69,10,41,73,66,97,34,78,36,83,63,31,96,15,64,60,56,35,62,5,88,28,59,85,57,42,80,18,55,71,33,7,86,95,89,37,91,68,87,32,6,93,77,61,2.26873e+07
2,48,98,90,0,27,84,45,8,13,47,76,74,20,67,24,11,50,53,23,29,79,81,70,22,25,3,16,92,58,72,14,65,52,82,26,19,17,49,38,9,30,51,94,75,21,54,44,46,12,99,1,39,4,40,43,69,10,41,73,66,97,34,78,36,83,63,31,96,15,64,60,56,35,62,5,88,28,59,85,57,42,80,18,55,71,33,7,86,95,89,37,91,68,87,32,6,93,77,61,2.26873e+07
2.10525e+07,2.26873e+07,11.9522