2.83198e+06
2.80703e+06
2.77717e+06
2.77717e+06
2.74312e+06
2.74164e+06
2.74164e+06
2.7322e+06
2.70965e+06
2.70965e+06
2.70043e+06
2.70043e+06
2.70043e+06
2.70043e+06
2.70043e+06
2.70043e+06
2.70043e+06
2.70043e+06
2.70043e+06
2.70043e+06
2.70043e+06
2.70043e+06
2.70043e+06
2.66502e+06
2.66502e+06
2.66502e+06
2.66502e+06
2.66502e+06
2.66502e+06
2.66502e+06
2.66502e+06
2.66502e+06
2.66502e+06
2.66502e+06
2.66502e+06
2.66502e+06
2.66502e+06
2.66502e+06
2.66502e+06
2.66502e+06
2.66502e+06
2.66502e+06
2.66502e+06
2.66502e+06
2.66502e+06
2.66502e+06
2.66502e+06
2.66502e+06
2.66502e+06
2.66502e+06
2.66502e+06
2.66502e+06
2.66502e+06
2.66502e+06
2.66502e+06
2.66502e+06
2.66502e+06
2.66502e+06
2.66502e+06
2.66502e+06
2.66502e+06
2.66502e+06
2.66502e+06
2.66502e+06
2.66502e+06
2.66502e+06
2.66502e+06
2.66502e+06
2.66502e+06
2.66502e+06
2.66502e+06
2.66502e+06
2.66502e+06
2.66502e+06
2.66502e+06
2.66502e+06
2.66502e+06
2.66502e+06
2.66196e+06
2.66196e+06
2.66196e+06
2.66196e+06
2.66196e+06
2.66196e+06
2.66196e+06
2.66196e+06
2.66196e+06
2.66196e+06
2.66196e+06
2.66196e+06
2.66196e+06
2.66196e+06
2.65976e+06
2.65976e+06
2.65976e+06
2.65959e+06
2.65959e+06
2.65959e+06
2.65959e+06
2.65959e+06
2.65959e+06
2.65959e+06
2.65959e+06
2.65959e+06
2.65959e+06
2.65959e+06
2.65959e+06
2.65959e+06
2.65959e+06
2.65959e+06
2.65373e+06
2.65373e+06
2.65373e+06
2.65373e+06
2.65373e+06
2.65373e+06
2.65373e+06
2.65373e+06
2.65373e+06
2.65373e+06
2.65373e+06
2.65373e+06
2.65373e+06
2.65373e+06
2.65373e+06
2.65373e+06
2.65373e+06
2.65373e+06
2.65373e+06
2.65373e+06
2.65373e+06
2.65373e+06
2.65373e+06
2.65373e+06
2.65373e+06
2.65373e+06
2.65373e+06
2.65373e+06
2.65373e+06
2.65373e+06
2.65373e+06
2.65373e+06
2.65373e+06
2.65373e+06
2.65373e+06
2.65373e+06
2.65373e+06
2.65373e+06
2.65373e+06
2.65373e+06
2.422e+06
11.8997