2.83198e+06
2.82806e+06
2.82806e+06
2.79723e+06
2.8213e+06
2.81232e+06
2.81232e+06
2.79841e+06
2.77413e+06
2.79793e+06
2.79793e+06
2.79793e+06
2.79793e+06
2.80852e+06
2.78294e+06
2.78294e+06
2.80271e+06
2.79898e+06
2.7628e+06
2.77036e+06
2.77036e+06
2.77036e+06
2.78705e+06
2.78214e+06
2.79066e+06
2.78629e+06
2.78629e+06
2.78629e+06
2.78629e+06
2.79778e+06
2.79778e+06
2.79778e+06
2.78171e+06
2.78171e+06
2.78171e+06
2.75406e+06
2.75406e+06
2.75406e+06
2.75406e+06
2.75406e+06
2.72362e+06
2.73248e+06
2.73248e+06
2.73248e+06
2.75406e+06
2.75406e+06
2.75406e+06
2.75406e+06
2.75406e+06
2.75406e+06
2.76531e+06
2.74617e+06
2.78134e+06
2.77618e+06
2.77675e+06
2.76446e+06
2.76446e+06
2.76446e+06
2.76446e+06
2.7701e+06
2.76625e+06
2.76105e+06
2.74639e+06
2.76625e+06
2.76625e+06
2.75219e+06
2.75053e+06
2.75053e+06
2.75053e+06
2.75053e+06
2.75338e+06
2.74985e+06
2.73758e+06
2.74591e+06
2.74591e+06
2.74591e+06
2.7393e+06
2.7393e+06
2.7393e+06
2.7393e+06
2.7393e+06
2.75301e+06
2.75301e+06
2.75301e+06
2.75301e+06
2.74433e+06
2.74744e+06
2.74445e+06
2.7509e+06
2.7509e+06
2.75061e+06
2.75061e+06
2.73306e+06
2.73306e+06
2.73306e+06
2.73306e+06
2.73306e+06
2.73309e+06
2.73309e+06
2.73309e+06
2.73311e+06
2.73509e+06
2.74647e+06
2.71553e+06
2.74936e+06
2.73092e+06
2.74936e+06
2.73878e+06
2.74092e+06
2.74956e+06
2.74956e+06
2.73577e+06
2.74371e+06
2.72147e+06
2.72147e+06
2.72147e+06
2.70701e+06
2.73624e+06
2.73874e+06
2.73874e+06
2.73874e+06
2.72889e+06
2.73765e+06
2.73871e+06
2.73871e+06
2.73871e+06
2.73871e+06
2.72735e+06
2.72735e+06
2.72735e+06
2.72735e+06
2.72735e+06
2.72735e+06
2.72735e+06
2.74573e+06
2.74573e+06
2.74573e+06
2.71526e+06
2.73696e+06
2.73103e+06
2.73451e+06
2.73451e+06
2.73696e+06
2.73696e+06
2.73696e+06
2.73696e+06
2.71677e+06
2.73696e+06
2.73696e+06
2.73696e+06
2.422e+06
2.75125