2.83198e+06
2.82281e+06
2.79791e+06
2.79152e+06
2.79152e+06
2.79152e+06
2.79152e+06
2.79152e+06
2.78294e+06
2.77602e+06
2.76765e+06
2.7739e+06
2.76765e+06
2.77883e+06
2.76765e+06
2.7751e+06
2.75673e+06
2.75023e+06
2.75952e+06
2.75405e+06
2.76051e+06
2.75316e+06
2.75952e+06
2.75663e+06
2.75443e+06
2.75952e+06
2.75443e+06
2.75938e+06
2.75443e+06
2.761e+06
2.75445e+06
2.74634e+06
2.74701e+06
2.74634e+06
2.74701e+06
2.74634e+06
2.74701e+06
2.73233e+06
2.73233e+06
2.73233e+06
2.73233e+06
2.73233e+06
2.73233e+06
2.73233e+06
2.73233e+06
2.71513e+06
2.73037e+06
2.71813e+06
2.71513e+06
2.72836e+06
2.72129e+06
2.71513e+06
2.72181e+06
2.70673e+06
2.72181e+06
2.70673e+06
2.72181e+06
2.70673e+06
2.72181e+06
2.71402e+06
2.72181e+06
2.71402e+06
2.72181e+06
2.71402e+06
2.72181e+06
2.71402e+06
2.70706e+06
2.70706e+06
2.70706e+06
2.70706e+06
2.70706e+06
2.70706e+06
2.70706e+06
2.66984e+06
2.67536e+06
2.66984e+06
2.67536e+06
2.66984e+06
2.67536e+06
2.66984e+06
2.65359e+06
2.65359e+06
2.65359e+06
2.65359e+06
2.65359e+06
2.65359e+06
2.65359e+06
2.6482e+06
2.63854e+06
2.6482e+06
2.63854e+06
2.6482e+06
2.63854e+06
2.6482e+06
2.6482e+06
2.6482e+06
2.6482e+06
2.6482e+06
2.6482e+06
2.6482e+06
2.6482e+06
2.67238e+06
2.66783e+06
2.67052e+06
2.67018e+06
2.66683e+06
2.67052e+06
2.67018e+06
2.68237e+06
2.68253e+06
2.68237e+06
2.67648e+06
2.68237e+06
2.68253e+06
2.68237e+06
2.67716e+06
2.68237e+06
2.67716e+06
2.68237e+06
2.67716e+06
2.68237e+06
2.67716e+06
2.69914e+06
2.67716e+06
2.69803e+06
2.67716e+06
2.69803e+06
2.67716e+06
2.69803e+06
2.69859e+06
2.69535e+06
2.6946e+06
2.70046e+06
2.69535e+06
2.6946e+06
2.69859e+06
2.68497e+06
2.7002e+06
2.68497e+06
2.68256e+06
2.68497e+06
2.7002e+06
2.68497e+06
2.69007e+06
2.68038e+06
2.69007e+06
2.68038e+06
2.69007e+06
2.68038e+06
2.69007e+06
2.422e+06
21.4211