2.83198e+06
2.82464e+06
2.82464e+06
2.82464e+06
2.82464e+06
2.82464e+06
2.82464e+06
2.82464e+06
2.82464e+06
2.82464e+06
2.82464e+06
2.82464e+06
2.82464e+06
2.82464e+06
2.82464e+06
2.82464e+06
2.82464e+06
2.79922e+06
2.79922e+06
2.79922e+06
2.79922e+06
2.79922e+06
2.79922e+06
2.79922e+06
2.79922e+06
2.79922e+06
2.79922e+06
2.79922e+06
2.79922e+06
2.79922e+06
2.79922e+06
2.79117e+06
2.79117e+06
2.79117e+06
2.79117e+06
2.79117e+06
2.79117e+06
2.79117e+06
2.79117e+06
2.79117e+06
2.79117e+06
2.79117e+06
2.79117e+06
2.79117e+06
2.79117e+06
2.79117e+06
2.79117e+06
2.79117e+06
2.79117e+06
2.79117e+06
2.79117e+06
2.79117e+06
2.79117e+06
2.79117e+06
2.79117e+06
2.79117e+06
2.79117e+06
2.79117e+06
2.79117e+06
2.79117e+06
2.79117e+06
2.79117e+06
2.79117e+06
2.79117e+06
2.79117e+06
2.79117e+06
2.79117e+06
2.79117e+06
2.75892e+06
2.75892e+06
2.75892e+06
2.75892e+06
2.75892e+06
2.75892e+06
2.75892e+06
2.75892e+06
2.75892e+06
2.75892e+06
2.75892e+06
2.75892e+06
2.75892e+06
2.75892e+06
2.75892e+06
2.75892e+06
2.75892e+06
2.75892e+06
2.75892e+06
2.75892e+06
2.75892e+06
2.75892e+06
2.75892e+06
2.75892e+06
2.75892e+06
2.75892e+06
2.75892e+06
2.75892e+06
2.75892e+06
2.75892e+06
2.75892e+06
2.75892e+06
2.75892e+06
2.75892e+06
2.75892e+06
2.75892e+06
2.75892e+06
2.75892e+06
2.75892e+06
2.75892e+06
2.75892e+06
2.75892e+06
2.75892e+06
2.75892e+06
2.75892e+06
2.75892e+06
2.75892e+06
2.75892e+06
2.75892e+06
2.75892e+06
2.75892e+06
2.75892e+06
2.75892e+06
2.75892e+06
2.75892e+06
2.75892e+06
2.75892e+06
2.75892e+06
2.75892e+06
2.75892e+06
2.75892e+06
2.75892e+06
2.75892e+06
2.75892e+06
2.75892e+06
2.75892e+06
2.75892e+06
2.75892e+06
2.75892e+06
2.75892e+06
2.75892e+06
2.75892e+06
2.75892e+06
2.75892e+06
2.75892e+06
2.75892e+06
2.75892e+06
2.75892e+06
2.75892e+06
2.75892e+06
2.75892e+06
2.75892e+06
2.422e+06
26.977