293818
293818
293498
292644
292338
292338
292338
291922
291066
290906
290756
290694
290694
290662
290662
290408
290408
290196
289834
289300
289300
289020
289020
288968
288750
288374
288374
288266
288178
288110
287882
287882
287794
287592
287276
287276
287276
287026
286990
286990
286692
286692
286692
286692
286692
286190
286190
286190
286190
286190
286074
285786
285568
285568
285568
285368
285368
285368
285368
284932
284924
284814
284680
284680
284680
284680
284680
284348
284340
284340
284340
284340
284340
284340
284340
284340
284276
284276
284024
284024
284016
284016
284016
284016
284016
284016
284016
284016
284016
284016
284016
284016
284016
284016
284016
284016
284016
283822
283822
283822
283822
283668
283640
283640
283640
283640
283640
283640
283640
283534
283534
283534
283498
283478
283478
283320
283288
283288
283288
283284
283284
283084
283002
283002
283002
282954
282848
282848
282848
282848
282848
282848
282848
282848
282768
282654
282654
282626
282626
282626
282626
282602
282602
282602
282602
282602
282602
282562
282562
282486
273038
18.779