5.72438e+06
5.58039e+06
5.54561e+06
5.52638e+06
5.5149e+06
5.5149e+06
5.5149e+06
5.49596e+06
5.49596e+06
5.49596e+06
5.49596e+06
5.49596e+06
5.49596e+06
5.49596e+06
5.49596e+06
5.48424e+06
5.48424e+06
5.48424e+06
5.48424e+06
5.48424e+06
5.48424e+06
5.48424e+06
5.48277e+06
5.48277e+06
5.48277e+06
5.48277e+06
5.48277e+06
5.48277e+06
5.48277e+06
5.48277e+06
5.48277e+06
5.48277e+06
5.48277e+06
5.48277e+06
5.48277e+06
5.48277e+06
5.48277e+06
5.48277e+06
5.48277e+06
5.47372e+06
5.47372e+06
5.47372e+06
5.47372e+06
5.47372e+06
5.47372e+06
5.47372e+06
5.47372e+06
5.47372e+06
5.47372e+06
5.47372e+06
5.47372e+06
5.47372e+06
5.47372e+06
5.47372e+06
5.47297e+06
5.47297e+06
5.47025e+06
5.47025e+06
5.47025e+06
5.47025e+06
5.47025e+06
5.47025e+06
5.47025e+06
5.46873e+06
5.46873e+06
5.46873e+06
5.46873e+06
5.46873e+06
5.46873e+06
5.46873e+06
5.46873e+06
5.46873e+06
5.46392e+06
5.46392e+06
5.46392e+06
5.46392e+06
5.46392e+06
5.46392e+06
5.46392e+06
5.46392e+06
5.46392e+06
5.46392e+06
5.46392e+06
5.46392e+06
5.46101e+06
5.46101e+06
5.46101e+06
5.46101e+06
5.46101e+06
5.46101e+06
5.46101e+06
5.46101e+06
5.46101e+06
5.46101e+06
5.46101e+06
5.46101e+06
5.46101e+06
5.46101e+06
5.46101e+06
5.46101e+06
5.42667e+06
0.68085