5.718e+06
5.718e+06
5.718e+06
5.718e+06
5.71666e+06
5.71666e+06
5.71666e+06
5.71666e+06
5.71666e+06
5.70523e+06
5.70523e+06
5.70523e+06
5.67949e+06
5.67949e+06
5.6608e+06
5.6608e+06
5.6608e+06
5.6608e+06
5.6608e+06
5.6608e+06
5.6608e+06
5.6608e+06
5.6608e+06
5.6608e+06
5.6608e+06
5.6608e+06
5.6608e+06
5.6608e+06
5.6608e+06
5.6608e+06
5.6608e+06
5.6608e+06
5.6608e+06
5.6608e+06
5.6608e+06
5.6608e+06
5.6608e+06
5.6608e+06
5.6608e+06
5.6608e+06
5.6608e+06
5.6608e+06
5.6608e+06
5.6608e+06
5.6608e+06
5.6608e+06
5.6608e+06
5.6608e+06
5.6608e+06
5.60636e+06
5.60636e+06
5.60636e+06
5.60636e+06
5.60636e+06
5.60636e+06
5.60636e+06
5.60636e+06
5.60636e+06
5.60636e+06
5.60636e+06
5.60636e+06
5.60636e+06
5.60636e+06
5.60636e+06
5.60636e+06
5.60636e+06
5.60636e+06
5.60636e+06
5.60636e+06
5.60636e+06
5.59623e+06
5.59623e+06
5.59623e+06
5.59623e+06
5.59623e+06
5.59623e+06
5.59623e+06
5.59623e+06
5.59623e+06
5.59623e+06
5.59623e+06
5.59623e+06
5.59623e+06
5.59623e+06
5.59623e+06
5.59623e+06
5.59623e+06
5.59623e+06
5.59623e+06
5.59623e+06
5.59623e+06
5.59623e+06
5.59623e+06
5.59623e+06
5.59623e+06
5.59623e+06
5.59623e+06
5.59623e+06
5.59623e+06
5.59623e+06
5.42667e+06
14.5183