5.60434e+06
5.70628e+06
5.74594e+06
5.66595e+06
5.69868e+06
5.6264e+06
5.60742e+06
5.60742e+06
5.60742e+06
5.63972e+06
5.63972e+06
5.63972e+06
5.68484e+06
5.69755e+06
5.61032e+06
5.60382e+06
5.62377e+06
5.62377e+06
5.58874e+06
5.58874e+06
5.58874e+06
5.58874e+06
5.56843e+06
5.56259e+06
5.56843e+06
5.56843e+06
5.56843e+06
5.56843e+06
5.54572e+06
5.55706e+06
5.55706e+06
5.55706e+06
5.55185e+06
5.55185e+06
5.55185e+06
5.5185e+06
5.5185e+06
5.5185e+06
5.55185e+06
5.55185e+06
5.55185e+06
5.55185e+06
5.55495e+06
5.55495e+06
5.55514e+06
5.5423e+06
5.52012e+06
5.52012e+06
5.52012e+06
5.52012e+06
5.51646e+06
5.52012e+06
5.52012e+06
5.52012e+06
5.52012e+06
5.52012e+06
5.52012e+06
5.52012e+06
5.52012e+06
5.52012e+06
5.50845e+06
5.50845e+06
5.50845e+06
5.52012e+06
5.50862e+06
5.50862e+06
5.50862e+06
5.50862e+06
5.50862e+06
5.55491e+06
5.55491e+06
5.55491e+06
5.55491e+06
5.55491e+06
5.54752e+06
5.52897e+06
5.56142e+06
5.55371e+06
5.55575e+06
5.55575e+06
5.54857e+06
5.54857e+06
5.55559e+06
5.52928e+06
5.54762e+06
5.55002e+06
5.55148e+06
5.54559e+06
5.54559e+06
5.54329e+06
5.52271e+06
5.55312e+06
5.55312e+06
5.54486e+06
5.54242e+06
5.54242e+06
5.54242e+06
5.5423e+06
5.53352e+06
5.54486e+06
5.42667e+06
1.19207