5.76057e+06
5.68788e+06
5.62988e+06
5.68788e+06
5.65655e+06
5.61776e+06
5.61776e+06
5.6176e+06
5.6176e+06
5.62528e+06
5.61081e+06
5.61939e+06
5.61516e+06
5.61516e+06
5.61516e+06
5.62706e+06
5.62706e+06
5.62706e+06
5.62566e+06
5.62566e+06
5.61362e+06
5.62155e+06
5.5753e+06
5.5753e+06
5.5753e+06
5.57433e+06
5.57433e+06
5.57433e+06
5.60402e+06
5.60402e+06
5.60402e+06
5.60402e+06
5.60402e+06
5.60402e+06
5.60402e+06
5.62745e+06
5.60712e+06
5.60712e+06
5.59341e+06
5.59341e+06
5.56404e+06
5.56404e+06
5.56404e+06
5.56404e+06
5.56404e+06
5.56404e+06
5.56932e+06
5.56932e+06
5.56932e+06
5.56932e+06
5.56932e+06
5.56932e+06
5.56932e+06
5.56932e+06
5.56932e+06
5.56932e+06
5.56932e+06
5.56932e+06
5.56932e+06
5.56932e+06
5.56932e+06
5.56932e+06
5.56932e+06
5.56932e+06
5.57727e+06
5.57727e+06
5.57727e+06
5.57727e+06
5.57727e+06
5.57507e+06
5.57507e+06
5.56441e+06
5.56441e+06
5.56441e+06
5.5529e+06
5.5529e+06
5.56441e+06
5.56441e+06
5.56441e+06
5.54174e+06
5.54174e+06
5.54174e+06
5.54174e+06
5.54174e+06
5.56079e+06
5.56079e+06
5.56079e+06
5.56079e+06
5.56079e+06
5.56079e+06
5.56079e+06
5.56079e+06
5.56079e+06
5.56079e+06
5.56079e+06
5.56079e+06
5.56079e+06
5.56079e+06
5.56079e+06
5.54673e+06
5.42667e+06
0.145288