5.62875e+06
5.62399e+06
5.6238e+06
5.6049e+06
5.60293e+06
5.60053e+06
5.60293e+06
5.60053e+06
5.60293e+06
5.60053e+06
5.60293e+06
5.60053e+06
5.60293e+06
5.60053e+06
5.60293e+06
5.59758e+06
5.59029e+06
5.59462e+06
5.59029e+06
5.59462e+06
5.59029e+06
5.59462e+06
5.59029e+06
5.59462e+06
5.59029e+06
5.59462e+06
5.59029e+06
5.59762e+06
5.59029e+06
5.59762e+06
5.59029e+06
5.59762e+06
5.59029e+06
5.59762e+06
5.59029e+06
5.59762e+06
5.59029e+06
5.59762e+06
5.59029e+06
5.5754e+06
5.57581e+06
5.564e+06
5.57309e+06
5.564e+06
5.57309e+06
5.564e+06
5.57309e+06
5.564e+06
5.57309e+06
5.564e+06
5.57309e+06
5.58451e+06
5.58256e+06
5.57847e+06
5.57442e+06
5.58518e+06
5.57442e+06
5.58518e+06
5.57442e+06
5.58518e+06
5.57442e+06
5.58518e+06
5.57442e+06
5.56936e+06
5.56949e+06
5.56678e+06
5.57286e+06
5.56678e+06
5.57286e+06
5.56678e+06
5.57286e+06
5.56678e+06
5.57286e+06
5.56678e+06
5.56127e+06
5.56353e+06
5.55233e+06
5.56269e+06
5.54948e+06
5.55673e+06
5.54948e+06
5.56269e+06
5.54948e+06
5.56269e+06
5.54948e+06
5.55673e+06
5.54948e+06
5.54826e+06
5.54979e+06
5.54826e+06
5.54979e+06
5.54826e+06
5.54979e+06
5.54826e+06
5.54979e+06
5.54826e+06
5.54979e+06
5.54826e+06
5.54979e+06
5.51629e+06
5.42667e+06
8.3905