5.63989e+06
5.61472e+06
5.57595e+06
5.55635e+06
5.54704e+06
5.53424e+06
5.52042e+06
5.51212e+06
5.49995e+06
5.49914e+06
5.49914e+06
5.49664e+06
5.49664e+06
5.4809e+06
5.46925e+06
5.46925e+06
5.4689e+06
5.46812e+06
5.46812e+06
5.46812e+06
5.46351e+06
5.46351e+06
5.46351e+06
5.46351e+06
5.46351e+06
5.46113e+06
5.45881e+06
5.45565e+06
5.45565e+06
5.45565e+06
5.45565e+06
5.45565e+06
5.45565e+06
5.45565e+06
5.45565e+06
5.45565e+06
5.45565e+06
5.45431e+06
5.45431e+06
5.45291e+06
5.45291e+06
5.45136e+06
5.45136e+06
5.45136e+06
5.45136e+06
5.45136e+06
5.45121e+06
5.45121e+06
5.45121e+06
5.45121e+06
5.4506e+06
5.4506e+06
5.4506e+06
5.45046e+06
5.45046e+06
5.45046e+06
5.45046e+06
5.45046e+06
5.45046e+06
5.45046e+06
5.45046e+06
5.45046e+06
5.44545e+06
5.44545e+06
5.44545e+06
5.44545e+06
5.44545e+06
5.44373e+06
5.44373e+06
5.44373e+06
5.44373e+06
5.44373e+06
5.44373e+06
5.44373e+06
5.44373e+06
5.44373e+06
5.44373e+06
5.44373e+06
5.44373e+06
5.44373e+06
5.44373e+06
5.44373e+06
5.44373e+06
5.44373e+06
5.44373e+06
5.44373e+06
5.44373e+06
5.44373e+06
5.44373e+06
5.44373e+06
5.44373e+06
5.44225e+06
5.44225e+06
5.44225e+06
5.44225e+06
5.44225e+06
5.44225e+06
5.44225e+06
5.44225e+06
5.44225e+06
5.42667e+06
0.974541