5.71405e+06
5.58479e+06
5.57367e+06
5.57367e+06
5.54848e+06
5.52377e+06
5.52377e+06
5.52377e+06
5.50543e+06
5.50543e+06
5.50175e+06
5.50175e+06
5.50175e+06
5.50175e+06
5.48528e+06
5.48528e+06
5.48528e+06
5.48528e+06
5.48451e+06
5.48451e+06
5.48451e+06
5.48451e+06
5.48451e+06
5.48451e+06
5.48451e+06
5.48451e+06
5.48451e+06
5.48413e+06
5.48413e+06
5.48413e+06
5.48289e+06
5.48289e+06
5.48289e+06
5.48289e+06
5.47857e+06
5.47857e+06
5.47857e+06
5.46988e+06
5.46988e+06
5.46692e+06
5.46692e+06
5.46692e+06
5.46692e+06
5.46692e+06
5.46387e+06
5.46387e+06
5.46387e+06
5.46239e+06
5.46239e+06
5.46239e+06
5.46239e+06
5.46239e+06
5.46239e+06
5.46239e+06
5.46239e+06
5.46239e+06
5.46239e+06
5.45753e+06
5.45753e+06
5.45753e+06
5.45753e+06
5.45753e+06
5.45753e+06
5.45753e+06
5.45753e+06
5.45753e+06
5.45644e+06
5.45644e+06
5.44958e+06
5.44958e+06
5.44958e+06
5.44958e+06
5.44958e+06
5.44958e+06
5.44948e+06
5.44948e+06
5.44948e+06
5.44948e+06
5.44948e+06
5.44948e+06
5.44948e+06
5.44948e+06
5.44948e+06
5.44948e+06
5.44948e+06
5.44948e+06
5.44948e+06
5.44948e+06
5.44948e+06
5.44948e+06
5.44948e+06
5.44948e+06
5.44948e+06
5.44948e+06
5.44948e+06
5.44894e+06
5.44894e+06
5.44894e+06
5.44894e+06
5.44894e+06
5.42667e+06
5.12172