10394
9366
10906
11094
10738
10738
9968
10580
10116
10580
10598
10986
9544
9480
9544
9620
9418
9418
9418
9418
9620
9620
9620
9620
9224
9224
9224
9584
9584
9188
9188
9188
9188
9060
8458
8458
8458
8458
8458
8458
8458
8914
8880
8880
8880
8910
8712
8712
8914
8628
8628
8628
8628
8628
8628
8628
8628
8526
8526
8526
8934
8934
9368
8998
8872
9202
8442
8442
9202
9054
9054
9132
8526
8526
8526
8526
8096
8096
8096
8096
8096
8096
8096
8096
8096
8096
8096
8096
8718
8718
8276
8518
8592
8592
8592
8592
8578
8578
8544
8544
6156
1.1487