9828
9828
8886
9828
9828
10948
8930
10210
10210
10210
10210
9606
10210
10210
9890
9890
9890
9890
10126
10126
9694
9694
8960
8960
9576
9576
10126
10126
9670
9670
9670
9670
9600
9600
9644
9670
9670
9670
9670
9670
9670
9670
9670
9670
9670
9670
9194
9194
9194
9670
9670
9670
8924
9818
10080
10336
10144
9922
9796
9814
9884
9982
9912
9912
9912
9152
9152
10032
9626
9626
9626
9626
8702
9626
9626
9512
9344
9744
9744
9152
9152
9838
9374
9374
9368
9368
9368
9368
9068
9068
8872
9066
9510
9730
9422
9422
9422
9294
9664
9386
6156
0.156718