10412
9342
9164
8528
8528
8528
7966
7966
7966
7966
7966
7966
7966
7966
7966
7966
7966
7966
7966
7966
7966
7966
7966
7966
7660
7660
7660
7660
7660
7660
7660
7660
7660
7486
7486
7486
7486
7486
7486
7486
7410
7410
7410
7410
7410
7410
7410
7410
7410
7410
7230
7230
7230
7230
7230
7230
7230
7230
7230
7230
7230
7230
7230
7230
7230
7230
7230
7230
7230
7230
7230
7230
7114
7114
7114
7114
7114
7114
7114
7114
7114
7114
7114
7114
7114
7114
7114
7114
7114
7114
7114
7114
7114
7114
7114
7114
7114
7114
7114
7114
6156
3.92541