10402
9790
9790
9790
9790
9790
9790
9790
9790
9790
9790
9790
9790
9790
9790
9790
9790
9790
9790
9790
9790
9790
9790
9790
9790
9790
9790
9790
9790
9790
9790
9790
9790
9790
9790
9790
9790
9790
9790
9790
9790
9790
9790
9790
9790
9790
9790
9790
9790
9790
9790
9790
9790
9790
9790
9790
9790
9790
9790
9790
9790
9790
9790
9790
9790
9790
9790
9790
9790
9790
9790
9790
9790
9790
9790
9790
9790
9790
9790
9790
9790
9790
9790
9790
9790
9790
9790
9790
9598
9442
9442
9442
9442
9442
9442
9442
9442
9442
9442
9442
6156
11.647