10170
9626
9600
9626
9600
9626
9326
9194
9194
9194
9194
9194
9194
9194
9194
9194
9194
9194
9194
9194
9194
9194
8454
8822
8606
8850
8606
8840
8606
8850
8606
8850
8606
8850
8606
8850
8606
8836
8214
7960
8026
7960
8026
7960
8026
7960
8026
7960
8026
7960
8026
7960
8026
8412
8026
8412
8026
8412
8026
8412
8026
8412
8026
8412
8026
8412
8026
8412
8340
8412
8340
8412
8340
8412
8340
8412
8340
8412
8340
8412
8340
8412
8340
8358
7992
8070
7992
8070
7992
8070
7992
8070
7992
8070
7992
8070
7992
8070
7992
7874
6156
6.45602