11526
9386
9022
9108
9112
8824
8690
8550
8784
8250
8692
8958
8634
8156
8328
8502
8488
8702
8704
8662
8636
8498
8442
8976
8494
8502
8900
8926
8952
8680
8528
8618
8942
8806
8852
8546
8356
8576
8704
8394
8614
8328
8856
8548
8642
8790
8258
8880
8840
8552
8898
8886
8900
8228
8248
8636
8090
8766
7840
8580
8832
9018
8560
8410
8542
8542
8544
8234
8106
8658
8782
8952
8742
8744
8518
9070
8080
8390
8574
8348
8518
8724
8526
8598
8560
8494
8800
8648
8754
8630
8562
8640
8042
8642
8532
8518
8766
8824
8492
8868
6156
5.71116