11046
8634
8274
8252
8252
7982
7982
7982
7982
7982
7654
7654
7654
7654
7654
7654
7654
7654
7654
7654
7654
7654
7654
7654
7654
7654
7590
7590
7590
7590
7590
7590
7590
7590
7590
7590
7590
7590
7590
7590
7588
7588
7588
7588
7588
7588
7536
7536
7536
7536
7536
7536
7536
7536
7536
7536
7536
7510
7510
7510
7510
7510
7510
7510
7510
7510
7510
7510
7510
7510
7510
7510
7510
7510
7510
7510
7510
7510
7510
7510
7510
7510
7510
7510
7510
7510
7510
7508
7508
7508
7508
7508
7508
7508
7508
7508
7508
7508
7508
7508
6156
0.434959