9514
9444
9366
8988
8408
8408
8156
8140
8140
8140
7950
7890
7524
7418
7418
7418
7418
7418
7418
7418
7368
7368
7368
7340
7340
7340
7340
7340
7340
7340
7078
7078
7078
7078
7078
7078
7078
7078
7078
7078
7078
7078
7008
6936
6936
6936
6936
6936
6936
6936
6936
6936
6936
6936
6936
6936
6936
6936
6936
6936
6936
6836
6836
6836
6836
6836
6836
6836
6836
6836
6836
6836
6836
6836
6836
6836
6836
6836
6836
6836
6836
6836
6836
6836
6836
6836
6836
6836
6836
6836
6836
6836
6836
6836
6726
6726
6726
6726
6726
6726
6156
0.858087