4.15475e+07
4.26335e+07
4.21075e+07
3.52738e+07
2.99671e+07
3.653e+07
3.72193e+07
3.56106e+07
3.71716e+07
3.71716e+07
3.51768e+07
3.71716e+07
3.42492e+07
3.19015e+07
3.19015e+07
3.55208e+07
3.40941e+07
3.55208e+07
3.20954e+07
3.20954e+07
3.00137e+07
3.00137e+07
3.00137e+07
2.97398e+07
3.00137e+07
3.00137e+07
2.9844e+07
3.08513e+07
2.85725e+07
3.3364e+07
3.46541e+07
3.4212e+07
2.79457e+07
3.41028e+07
3.31633e+07
2.55908e+07
2.55908e+07
2.55908e+07
2.55908e+07
2.55908e+07
2.43068e+07
2.43068e+07
2.43068e+07
2.43068e+07
3.02813e+07
2.96756e+07
2.89477e+07
2.8929e+07
2.87963e+07
2.96756e+07
2.96756e+07
2.75529e+07
2.8744e+07
2.58588e+07
3.21486e+07
3.23367e+07
3.23367e+07
2.5527e+07
3.30216e+07
3.20978e+07
3.19325e+07
3.19325e+07
3.01454e+07
3.01454e+07
2.83292e+07
3.05259e+07
2.99944e+07
2.99944e+07
2.99944e+07
3.24927e+07
3.01077e+07
2.98215e+07
2.98215e+07
2.98215e+07
3.01077e+07
3.01077e+07
3.01077e+07
3.01077e+07
2.88554e+07
2.93546e+07
2.93546e+07
2.89216e+07
2.87616e+07
2.80257e+07
2.7966e+07
2.7966e+07
2.82356e+07
2.82434e+07
2.80622e+07
2.82434e+07
2.82434e+07
2.82434e+07
2.81744e+07
2.82434e+07
2.82434e+07
2.82434e+07
2.82434e+07
2.9676e+07
2.9676e+07
2.9676e+07
1.72125e+07
1.3497