3.63541e+07
3.45225e+07
3.25309e+07
3.24777e+07
3.25309e+07
3.24777e+07
3.25309e+07
3.24777e+07
3.25309e+07
3.24777e+07
3.25309e+07
3.24777e+07
3.25309e+07
3.24777e+07
3.25309e+07
3.24777e+07
3.25309e+07
3.24777e+07
3.25309e+07
3.24777e+07
3.25309e+07
3.24777e+07
2.87352e+07
2.92095e+07
2.89404e+07
2.87352e+07
2.92095e+07
2.89404e+07
2.87352e+07
2.92095e+07
2.89404e+07
2.87352e+07
2.92095e+07
2.89404e+07
2.87352e+07
2.92095e+07
2.89404e+07
2.87352e+07
2.92095e+07
2.89404e+07
2.87352e+07
2.92095e+07
2.91756e+07
2.91189e+07
2.86549e+07
2.86549e+07
2.86549e+07
2.86549e+07
2.86549e+07
2.86549e+07
2.86549e+07
2.86549e+07
2.86549e+07
2.86549e+07
2.86549e+07
2.86549e+07
2.86549e+07
2.86549e+07
2.86549e+07
2.86549e+07
2.14274e+07
2.12945e+07
2.14274e+07
2.12945e+07
2.14274e+07
2.12945e+07
2.14274e+07
2.12945e+07
2.14274e+07
2.12945e+07
2.14274e+07
2.12945e+07
2.14274e+07
2.12945e+07
2.14274e+07
2.12945e+07
2.14274e+07
2.12945e+07
2.14274e+07
2.12945e+07
2.14274e+07
2.12945e+07
2.20384e+07
2.12945e+07
2.20384e+07
2.12945e+07
2.20384e+07
2.12945e+07
2.20384e+07
2.12945e+07
2.20384e+07
2.12945e+07
2.20384e+07
2.12945e+07
2.20384e+07
2.12945e+07
2.20384e+07
2.12945e+07
2.20384e+07
2.12945e+07
1.72125e+07
4.97159