3.46107e+07
3.46107e+07
3.43775e+07
3.26665e+07
3.43775e+07
3.43775e+07
2.93502e+07
3.41026e+07
3.41026e+07
3.47648e+07
3.16449e+07
3.10556e+07
2.65335e+07
3.07842e+07
3.14218e+07
3.14218e+07
3.14218e+07
3.25457e+07
3.25457e+07
3.04823e+07
3.25457e+07
3.13163e+07
3.33938e+07
3.00115e+07
3.00115e+07
3.13885e+07
2.88714e+07
3.33118e+07
3.26754e+07
3.68045e+07
3.69311e+07
3.30338e+07
3.7786e+07
3.67795e+07
3.34016e+07
3.34723e+07
2.81243e+07
3.34477e+07
3.34477e+07
3.34477e+07
3.22889e+07
3.22889e+07
3.58062e+07
3.23921e+07
3.31221e+07
3.58394e+07
3.33401e+07
3.42719e+07
3.16942e+07
3.16942e+07
3.42719e+07
3.09163e+07
3.33409e+07
3.32451e+07
3.13985e+07
3.32451e+07
3.32451e+07
2.81198e+07
3.59961e+07
3.52708e+07
3.52708e+07
3.0599e+07
3.14109e+07
3.14109e+07
3.14109e+07
3.52961e+07
3.01655e+07
3.25752e+07
3.25752e+07
3.25752e+07
3.41168e+07
3.06999e+07
3.41366e+07
3.19706e+07
3.41366e+07
3.49326e+07
2.9057e+07
3.29893e+07
3.45852e+07
3.47428e+07
3.55822e+07
3.55822e+07
3.55822e+07
3.35144e+07
3.42435e+07
3.38297e+07
3.2261e+07
3.2267e+07
3.40343e+07
3.56449e+07
3.11575e+07
3.18418e+07
3.5017e+07
3.5017e+07
2.98082e+07
2.98082e+07
2.98082e+07
3.01232e+07
3.01232e+07
3.1678e+07
1.72125e+07
0.239223