4.45845e+07
3.59426e+07
3.59426e+07
3.59426e+07
3.59426e+07
3.59426e+07
3.59426e+07
3.59426e+07
3.59426e+07
3.59426e+07
3.59426e+07
3.59426e+07
3.59426e+07
3.59426e+07
3.59426e+07
3.59426e+07
3.59426e+07
3.59426e+07
3.59426e+07
3.59426e+07
3.59426e+07
3.59426e+07
3.59426e+07
3.59426e+07
3.59426e+07
3.59426e+07
3.59426e+07
3.59426e+07
3.59426e+07
3.59426e+07
3.59426e+07
3.59426e+07
3.59426e+07
3.59426e+07
3.59426e+07
3.59426e+07
3.59426e+07
3.53125e+07
3.52247e+07
3.52247e+07
3.52247e+07
3.52247e+07
3.52247e+07
3.52247e+07
3.52247e+07
3.52247e+07
3.52247e+07
3.52247e+07
3.52247e+07
3.52247e+07
3.52247e+07
3.52247e+07
3.29256e+07
3.29256e+07
3.29256e+07
3.29256e+07
3.29256e+07
3.29256e+07
3.29256e+07
3.29256e+07
3.29256e+07
3.29256e+07
3.29256e+07
3.29256e+07
3.29256e+07
3.29256e+07
3.29256e+07
3.29256e+07
3.29256e+07
3.29256e+07
3.29256e+07
3.29256e+07
3.29256e+07
3.29256e+07
3.29256e+07
3.29256e+07
3.29256e+07
3.29256e+07
3.29256e+07
3.29256e+07
3.29256e+07
3.29256e+07
3.29256e+07
3.13262e+07
3.03056e+07
3.03056e+07
3.03056e+07
3.03056e+07
3.03056e+07
3.03056e+07
3.03056e+07
3.03056e+07
3.03056e+07
3.03056e+07
3.03056e+07
3.03056e+07
3.03056e+07
3.03056e+07
3.03056e+07
3.03056e+07
1.72125e+07
14.1452