3.5913e+07
2.60388e+07
2.60388e+07
2.60388e+07
2.57458e+07
2.18603e+07
2.18603e+07
2.18603e+07
2.18603e+07
2.17312e+07
2.17216e+07
2.17037e+07
1.88907e+07
1.87914e+07
1.87914e+07
1.8789e+07
1.8789e+07
1.8789e+07
1.86829e+07
1.86829e+07
1.85732e+07
1.85732e+07
1.8533e+07
1.84743e+07
1.84743e+07
1.84743e+07
1.84743e+07
1.84617e+07
1.84617e+07
1.8258e+07
1.8258e+07
1.82415e+07
1.82415e+07
1.82415e+07
1.82415e+07
1.82308e+07
1.82212e+07
1.80111e+07
1.80111e+07
1.80111e+07
1.80111e+07
1.80111e+07
1.80111e+07
1.80111e+07
1.79662e+07
1.79662e+07
1.79662e+07
1.79662e+07
1.79662e+07
1.79662e+07
1.79662e+07
1.79662e+07
1.79662e+07
1.79662e+07
1.79662e+07
1.79662e+07
1.79662e+07
1.79662e+07
1.79662e+07
1.79662e+07
1.79644e+07
1.79644e+07
1.79644e+07
1.79644e+07
1.79644e+07
1.79644e+07
1.79644e+07
1.79644e+07
1.79644e+07
1.79644e+07
1.79644e+07
1.79644e+07
1.79644e+07
1.79644e+07
1.79644e+07
1.79644e+07
1.79644e+07
1.79644e+07
1.79644e+07
1.79644e+07
1.79644e+07
1.75079e+07
1.75079e+07
1.75075e+07
1.75075e+07
1.7462e+07
1.7462e+07
1.7462e+07
1.7462e+07
1.7462e+07
1.7462e+07
1.7462e+07
1.7462e+07
1.7462e+07
1.7462e+07
1.7462e+07
1.7462e+07
1.7462e+07
1.7462e+07
1.7462e+07
1.72125e+07
0.813195