2.96826e+07
2.86434e+07
2.2111e+07
2.38174e+07
2.38274e+07
2.2024e+07
2.24401e+07
2.3915e+07
2.30197e+07
2.41402e+07
2.25783e+07
2.26608e+07
2.24415e+07
2.16671e+07
2.04829e+07
2.10788e+07
2.18104e+07
2.08275e+07
2.21513e+07
2.22275e+07
2.19333e+07
2.10023e+07
2.1841e+07
2.18986e+07
2.20405e+07
2.25937e+07
2.21788e+07
2.10284e+07
2.22226e+07
2.35239e+07
2.22142e+07
2.04416e+07
2.16143e+07
2.20917e+07
2.12093e+07
2.29982e+07
2.19935e+07
2.01683e+07
2.2146e+07
2.15197e+07
2.15615e+07
2.01661e+07
2.18325e+07
2.01158e+07
1.99381e+07
2.0224e+07
2.06931e+07
2.16344e+07
2.07759e+07
2.04717e+07
2.17438e+07
2.207e+07
2.11184e+07
2.23916e+07
2.16207e+07
2.04669e+07
2.14646e+07
2.12762e+07
2.28291e+07
2.25731e+07
2.19157e+07
2.15235e+07
2.08108e+07
2.06824e+07
2.20924e+07
2.0818e+07
2.19073e+07
2.09472e+07
2.0438e+07
2.26003e+07
2.34079e+07
2.11115e+07
2.30741e+07
2.19046e+07
2.18261e+07
2.21018e+07
1.98844e+07
2.1544e+07
2.10041e+07
2.16553e+07
2.18565e+07
1.9933e+07
2.19147e+07
2.27377e+07
2.08579e+07
2.04772e+07
2.07452e+07
2.10391e+07
2.15462e+07
2.14539e+07
2.02228e+07
2.19521e+07
2.13848e+07
2.16806e+07
2.07618e+07
2.15143e+07
2.07571e+07
2.14962e+07
2.23394e+07
2.17877e+07
1.72125e+07
4.3205