3.014e+07
2.90342e+07
2.90342e+07
2.64206e+07
2.64206e+07
2.26088e+07
2.26088e+07
2.26088e+07
2.26088e+07
2.20125e+07
2.13759e+07
2.13759e+07
2.06016e+07
2.03201e+07
1.92908e+07
1.92908e+07
1.92908e+07
1.92908e+07
1.92908e+07
1.92908e+07
1.92908e+07
1.92908e+07
1.80051e+07
1.80051e+07
1.80051e+07
1.80051e+07
1.80051e+07
1.80051e+07
1.80051e+07
1.80051e+07
1.80051e+07
1.80051e+07
1.80051e+07
1.80051e+07
1.80051e+07
1.80051e+07
1.80051e+07
1.80051e+07
1.80051e+07
1.80051e+07
1.80051e+07
1.80051e+07
1.80051e+07
1.80051e+07
1.80051e+07
1.80051e+07
1.80051e+07
1.79983e+07
1.79983e+07
1.79983e+07
1.79983e+07
1.79844e+07
1.79844e+07
1.79844e+07
1.79415e+07
1.79415e+07
1.79415e+07
1.79415e+07
1.79415e+07
1.79415e+07
1.79415e+07
1.79415e+07
1.79415e+07
1.79415e+07
1.79415e+07
1.79415e+07
1.79415e+07
1.79415e+07
1.79415e+07
1.79415e+07
1.77856e+07
1.77856e+07
1.77856e+07
1.77856e+07
1.77856e+07
1.77856e+07
1.77856e+07
1.77856e+07
1.77856e+07
1.77856e+07
1.77856e+07
1.77856e+07
1.77856e+07
1.77856e+07
1.77856e+07
1.77856e+07
1.77856e+07
1.77856e+07
1.77856e+07
1.77856e+07
1.77856e+07
1.77856e+07
1.77856e+07
1.77856e+07
1.77856e+07
1.77856e+07
1.77856e+07
1.77856e+07
1.77856e+07
1.77313e+07
1.72125e+07
3.36219