3.20396e+07
2.79278e+07
2.79278e+07
2.32272e+07
2.32272e+07
2.32272e+07
2.22909e+07
2.21205e+07
2.21205e+07
2.00112e+07
2.00112e+07
2.00112e+07
2.00112e+07
2.00112e+07
2.00112e+07
2.00112e+07
2.00112e+07
2.00112e+07
2.00112e+07
1.95886e+07
1.95886e+07
1.95886e+07
1.91411e+07
1.91411e+07
1.91411e+07
1.91411e+07
1.91411e+07
1.91411e+07
1.91411e+07
1.91411e+07
1.91411e+07
1.91411e+07
1.91411e+07
1.91411e+07
1.91411e+07
1.91411e+07
1.91411e+07
1.91411e+07
1.91411e+07
1.91411e+07
1.90657e+07
1.90657e+07
1.85484e+07
1.85484e+07
1.85484e+07
1.85484e+07
1.85484e+07
1.85484e+07
1.85484e+07
1.85484e+07
1.85484e+07
1.85484e+07
1.85484e+07
1.85484e+07
1.85484e+07
1.85484e+07
1.85484e+07
1.85484e+07
1.85484e+07
1.85484e+07
1.85484e+07
1.85484e+07
1.85484e+07
1.85484e+07
1.85484e+07
1.85484e+07
1.85484e+07
1.85484e+07
1.85484e+07
1.84707e+07
1.84707e+07
1.84707e+07
1.84707e+07
1.84707e+07
1.84707e+07
1.84707e+07
1.84411e+07
1.84411e+07
1.83902e+07
1.83902e+07
1.83902e+07
1.83902e+07
1.83902e+07
1.83902e+07
1.83902e+07
1.80629e+07
1.80629e+07
1.80629e+07
1.80629e+07
1.80629e+07
1.80629e+07
1.80629e+07
1.80629e+07
1.80629e+07
1.80629e+07
1.80629e+07
1.80629e+07
1.80629e+07
1.80629e+07
1.80629e+07
1.72125e+07
0.362788