121480
120310
117210
116710
114710
111960
111960
110530
110130
109850
107400
106100
106100
106100
105100
103300
103300
103300
103300
103300
103300
103300
101060
101060
101060
101060
101060
101060
101060
101060
101060
101060
101060
101060
100260
100260
100260
100260
100260
99860
99860
99860
99860
99260
99260
99260
99260
99160
99160
99160
99160
99160
99160
99160
99160
99160
99160
99160
99160
99160
99160
99160
97960
97960
97960
97960
97960
97960
97960
97960
97660
97660
97660
97660
97660
97660
97660
97660
97660
97660
97660
97660
97460
97460
97460
97460
97460
97460
97460
97460
97460
97460
97460
97460
97460
96460
96460
96460
96460
96160
88900
1.63831