122600
124230
121950
121950
121950
121950
117360
117360
117360
117360
120920
120920
120170
120170
117810
120170
120170
120170
120170
120170
119980
116150
116150
116150
114470
114470
115770
115770
115770
115770
115770
115770
112860
112860
112860
112860
112860
112860
112860
116780
116780
116780
117490
117490
117260
117490
117490
116450
116450
116450
115640
115640
115640
115640
115640
115640
114980
114980
113120
113120
114090
114980
114980
114980
114790
116830
117110
117110
117110
115070
109030
109030
109030
116990
116160
114630
114630
114630
114630
112950
112950
112950
112950
112950
112950
112950
112950
112950
112950
112950
114370
114700
116490
117490
117490
117490
117490
117490
116600
116600
88900
0.528745