122960
113630
113630
113630
112500
112030
110910
109960
109960
109360
109360
109220
109060
109060
107460
107460
107460
107460
107460
107460
107460
107460
106640
106640
106640
106640
106640
106640
105240
105240
105240
105240
105240
105240
105240
105240
105240
105240
105240
105240
105240
105240
105240
105240
105240
105240
105240
105240
105240
105240
105240
105240
105240
105240
105240
104910
104910
104910
104910
104910
104680
104680
103570
102020
102020
102020
102020
102020
102020
102020
102020
102020
102020
102020
102020
102020
102020
102020
102020
102020
102020
102020
102020
102020
102020
102020
102020
102020
102020
102020
102020
102020
102020
102020
102020
102020
102020
102020
102020
102020
88900
0.795797