126030
126070
125260
124970
124640
122650
117410
116490
116390
119310
118140
118140
118140
118140
118140
118140
116290
116860
116860
116860
116340
116340
116340
116340
116800
116120
116120
116120
116120
116120
115000
117000
115720
115720
115720
115720
115720
115720
115720
115720
117570
117570
115380
117570
115910
115150
115150
115150
115150
114120
114120
114120
114120
115020
113520
113330
113520
111920
111920
111700
111700
112630
112630
112630
112630
112630
112630
112630
111530
111530
111530
111530
111530
111530
111030
111530
110320
110320
110320
110320
114250
114250
111950
111950
113300
113140
109870
109870
109870
113240
113240
113240
113240
113240
112740
113240
113240
113240
113240
113240
88900
2.09834