124240
119610
117630
115640
114560
113590
112210
109670
111550
111820
110770
112680
113410
112620
110650
109660
110700
113020
111360
111130
112350
111230
113240
109450
111080
110560
109810
110420
110340
110600
111360
110220
111290
112270
108830
109860
109410
110250
111380
110290
108290
111290
111080
112550
111080
110960
112030
112410
112780
112970
112630
112800
109440
105340
109660
109370
111670
108410
106050
110610
111790
113350
110870
110650
110590
109100
111760
112390
110560
112630
112540
111090
111020
110900
109700
107570
111730
110370
110720
109770
110850
111850
110730
111280
110720
110600
111880
111100
111960
111610
111500
113500
111520
109750
112920
112340
113270
113170
112920
110820
88900
9.95995