123350
120370
115050
114110
112750
112070
111500
111500
109420
109170
109170
109170
109170
109170
108240
108180
108180
108180
105310
105310
105310
105310
105310
105310
105310
105310
105310
105310
105310
105310
103350
103350
103350
103350
103350
103350
103350
103350
103350
103350
103350
103350
103350
103350
103350
103350
103350
103350
103350
103350
103350
103350
103350
103350
103350
103350
103210
103210
103210
103210
103210
103210
103210
103210
103210
103210
102600
102600
102600
102600
102600
102600
102600
102600
102600
102600
102600
102600
102300
102300
102300
102300
102300
102300
101950
101950
101950
101950
101950
101950
101950
101710
101710
101710
101710
101710
101710
101710
101710
101710
88900
11.2865