126380
121470
119880
118460
118460
118460
118460
118460
118460
118460
118460
118460
116890
116460
116460
116460
116460
116460
116460
116460
111200
112100
112260
111500
111800
112260
111200
112100
112260
110540
110540
110540
110540
110540
110540
110540
110540
110540
110540
113310
110540
112080
110540
113310
110540
113310
110540
112080
112390
113310
112890
113310
112390
113310
112890
113310
112390
111880
111140
111140
111140
111140
111140
111140
111140
111140
111140
110540
110540
110540
110540
110540
110540
110540
110540
110540
110840
110540
110840
110540
110840
110540
110840
110540
110840
110540
110340
110190
110340
110190
110340
110190
110340
110190
110340
110800
110340
110800
110340
110800
88900
10.8498