124970
124180
124180
124180
124180
124180
124180
124180
124180
124180
124180
124180
120180
120180
120180
120180
120180
120180
120180
118480
118480
118480
118480
118480
118480
118480
118480
118480
118480
118480
118480
118480
118480
118480
118480
118480
118480
118480
118480
118480
118480
118480
118480
118480
118480
118480
118480
118480
118480
118480
118480
118480
118480
118480
118480
118480
118480
118480
118480
118480
118480
118480
118480
118480
118480
118480
118480
118480
118480
118480
118480
118480
118480
118480
118480
118480
118480
118480
118480
118480
118480
118480
118480
118480
118480
118480
118480
118480
118480
118480
118480
118480
118480
118480
118480
118480
118480
118480
118480
118480
88900
26.2381