32563
32526
32536
32536
32482
32509
32509
32509
32497
32497
32488
32442
32478
32463
32478
32478
32478
32464
32464
32464
32454
32454
32454
32423
32423
32464
32461
32461
32455
32455
32446
32446
32446
32420
32396
32396
32396
32392
32396
32396
32396
32429
32429
32398
32398
32398
32424
32424
32424
32424
32429
32400
32400
32400
32400
32400
32382
32400
32400
32373
32373
32373
32373
32373
32373
32373
32373
32373
32373
32373
32373
32373
32373
32373
32373
32373
32399
32418
32418
32382
32418
32418
32418
32433
32394
32394
32383
32426
32423
32423
32399
32399
32423
32423
32419
32419
32405
32413
32413
32413
31538
0.248576