63836
63833
63833
63753
63753
63738
63716
63716
63735
63686
63698
63671
63671
63671
63656
63612
63680
63682
63681
63627
63627
63643
63643
63611
63611
63611
63563
63611
63611
63590
63592
63592
63592
63562
63589
63589
63588
63542
63542
63542
63527
63540
63533
63533
63533
63533
63533
63533
63533
63533
63533
63533
63529
63529
63529
63533
63533
63533
63533
63504
63583
63541
63571
63585
63585
63585
63585
63570
63559
63567
63567
63564
63564
63564
63564
63531
63559
63564
63560
63533
63556
63556
63566
63566
63556
63514
63514
63514
63514
63514
63514
63502
63473
63473
63473
63473
63518
63518
63509
63489
62093
2.56587