258031
258031
258031
258031
258031
258031
258031
258011
258011
258011
258011
258011
257882
257882
257882
257882
257864
257864
257864
257864
257864
257864
257864
257864
257864
257864
257864
257864
257864
257864
257864
257864
257784
257784
257784
257784
257784
257666
257666
257641
257621
257517
257517
257517
257517
257517
257517
257517
257517
257517
257517
257517
257517
257517
257517
257517
257517
257517
257517
257517
257517
257517
257517
257517
257517
257517
257517
257517
257517
257517
257517
257500
257500
257500
257500
257500
257500
257457
257457
257457
257457
257371
257371
257371
257359
257359
257359
257359
257359
257359
257359
257359
257312
257312
257312
257312
257312
257187
257187
257187
253195
78.3766