63780
63736
63723
63695
63646
63605
63605
63555
63528
63528
63520
63486
63467
63466
63466
63436
63436
63408
63408
63408
63390
63390
63390
63390
63372
63372
63366
63366
63364
63364
63364
63305
63305
63305
63303
63293
63293
63289
63289
63282
63229
63229
63229
63229
63216
63216
63216
63216
63216
63216
63216
63216
63216
63216
63216
63216
63214
63214
63214
63182
63182
63182
63182
63182
63182
63182
63182
63182
63182
63182
63182
63182
63149
63149
63149
63148
63148
63148
63147
63147
63147
63147
63147
63147
63147
63147
63147
63130
63130
63130
63129
63129
63129
63129
63129
63129
63129
63129
63129
63129
62093
2.60394