366892
366844
366767
366642
366598
366462
366451
366351
366262
366189
366077
365849
365802
365736
365617
365617
365617
365617
365617
365617
365564
365532
365379
365379
365379
365379
365379
365379
365379
365379
365279
365141
365141
365141
365141
365141
365141
365141
365141
365128
365128
365128
365128
365128
365128
365128
365111
365100
365100
365020
364950
364950
364920
364920
364920
364920
364920
364920
364920
364920
364920
364848
364848
364848
364848
364848
364848
364848
364848
364848
364848
364848
364848
364848
364848
364848
364844
364832
364832
364832
364832
364832
364818
364817
364817
364785
364785
364785
364785
364785
364785
364785
364785
364785
364785
364785
364785
364785
364785
364785
360630
8.24888