109824
109811
109784
109765
109847
109806
109800
109759
109710
109718
109740
109739
109762
109741
109737
109700
109717
109701
109701
109596
109651
109639
109639
109596
109596
109594
109584
109607
109607
109549
109549
109658
109654
109612
109616
109616
109568
109557
109477
109557
109568
109568
109568
109541
109516
109516
109459
109459
109508
109508
109507
109500
109500
109486
109486
109486
109470
109486
109425
109425
109425
109418
109418
109425
109440
109457
109418
109418
109473
109449
109446
109440
109437
109440
109440
109440
109440
109440
109404
109404
109396
109384
109384
109307
109307
109307
109307
109307
109307
109382
109382
109360
109382
109382
109350
109329
109371
109382
109382
109382
107218
3.3548