109783
109752
109714
109631
109536
109536
109512
109463
109373
109344
109344
109344
109316
109287
109267
109262
109250
109250
109222
109207
109152
109152
109143
109097
109097
109067
109067
109067
109067
109010
109010
109010
109010
109010
109010
109010
109007
109007
109007
109007
109007
109007
108992
108992
108992
108947
108947
108947
108947
108947
108947
108947
108947
108947
108947
108915
108915
108915
108912
108881
108881
108866
108862
108862
108835
108835
108835
108835
108835
108835
108835
108835
108835
108835
108835
108835
108835
108835
108835
108835
108835
108835
108835
108835
108804
108804
108804
108804
108804
108804
108804
108804
108804
108804
108804
108804
108804
108804
108804
108804
107218
3.35046