257986
257917
257917
257826
257826
257828
257876
257798
257798
257798
257798
257782
257798
257753
257753
257791
257711
257711
257711
257661
257661
257632
257661
257680
257680
257680
257680
257680
257857
257842
257817
257817
257746
257695
257653
257601
257601
257601
257601
257483
257483
257483
257483
257483
257483
257469
257469
257627
257627
257627
257650
257650
257650
257650
257650
257604
257604
257506
257605
257605
257626
257598
257598
257530
257570
257570
257570
257570
257570
257521
257521
257554
257486
257486
257431
257486
257545
257545
257555
257566
257544
257568
257442
257442
257442
257474
257500
257500
257472
257472
257472
257476
257476
257489
257472
257472
257472
257468
257468
257420
253195
1.22996