109939
109690
109583
109516
109443
109440
109430
109401
109390
109400
109331
109322
109242
109265
109245
109277
109332
109315
109361
109307
109307
109331
109243
109251
109272
109309
109302
109294
109261
109298
109308
109301
109269
109239
109295
109313
109331
109277
109335
109319
109326
109300
109339
109309
109325
109267
109235
109301
109251
109310
109318
109307
109306
109327
109340
109269
109334
109262
109338
109311
109293
109268
109280
109299
109234
109248
109279
109311
109322
109323
109364
109342
109333
109277
109310
109292
109306
109297
109264
109299
109220
109270
109260
109335
109305
109327
109368
109334
109370
109353
109336
109366
109359
109349
109293
109339
109243
109329
109339
109327
107218
43.1317