63775
63633
63559
63559
63523
63513
63458
63439
63439
63437
63360
63360
63360
63360
63360
63360
63360
63360
63360
63360
63353
63353
63353
63353
63353
63353
63353
63353
63353
63353
63353
63353
63353
63353
63353
63353
63353
63353
63353
63353
63353
63353
63353
63353
63350
63350
63350
63349
63349
63349
63349
63344
63344
63338
63338
63338
63338
63338
63338
63338
63338
63330
63330
63330
63330
63330
63330
63330
63330
63330
63330
63328
63328
63328
63328
63328
63328
63328
63328
63328
63328
63328
63328
63311
63311
63311
63311
63311
63311
63311
63311
63311
63311
63311
63311
63311
63311
63297
63297
63297
62093
1.61153