257986
257880
257802
257680
257585
257466
257388
257347
257318
257304
257280
257210
257187
257231
257120
257124
257153
257178
257176
257206
257121
257204
257119
257089
257178
257099
257163
257150
257109
257143
257105
257167
257033
257151
256974
257016
257120
257149
257150
257189
257068
257051
257072
257066
257022
257070
257075
257135
257135
257143
257079
257090
257046
257019
257050
257070
256983
257117
257179
257191
257199
257111
257129
257099
257010
257073
257173
257159
257084
257078
257045
257089
257013
257130
257119
257099
257105
257114
257179
257159
257166
257133
257173
257147
257161
257152
257086
257140
257205
256961
256973
257124
257034
257064
257120
256963
257016
257045
256986
256975
253195
62.2223