366892
366382
366070
366021
365960
365801
365775
365752
365748
365748
365730
365706
365706
365706
365706
365683
365619
365614
365461
365461
365331
365331
365331
365331
365331
365331
365331
365331
365331
365331
365331
365331
365331
365331
365331
365331
365331
365331
365331
365331
365331
365331
365331
365280
365280
365280
365280
365280
365280
365280
365280
365280
365280
365280
365280
365280
365151
365151
365151
365151
365151
365151
365151
365151
365151
365134
365134
365134
365134
365134
365134
365134
365134
365134
365134
365134
365134
365134
365134
365134
365134
365134
365134
365134
365134
365134
365134
365134
365134
365134
365134
365134
365134
365134
365134
365134
365134
365134
365134
365134
360630
5.43038