63792
63792
63800
63765
63754
63754
63761
63689
63737
63718
63726
63708
63647
63647
63699
63699
63699
63699
63643
63686
63673
63683
63661
63661
63648
63678
63671
63623
63663
63650
63651
63656
63656
63656
63661
63664
63664
63598
63664
63664
63650
63650
63650
63650
63650
63670
63588
63588
63588
63588
63588
63588
63588
63588
63599
63599
63599
63580
63580
63580
63580
63580
63580
63580
63580
63580
63585
63585
63585
63585
63585
63567
63529
63529
63525
63525
63525
63525
63525
63525
63525
63525
63582
63582
63582
63582
63582
63582
63582
63582
63582
63582
63582
63582
63582
63547
63547
63506
63506
63506
62093
0.410468