32514
32500
32478
32471
32473
32473
32473
32443
32438
32438
32439
32426
32475
32452
32493
32493
32484
32493
32493
32493
32440
32465
32465
32465
32433
32467
32467
32467
32444
32444
32434
32419
32419
32354
32354
32354
32380
32380
32380
32380
32396
32417
32416
32416
32399
32399
32381
32392
32407
32393
32383
32383
32383
32383
32383
32373
32373
32373
32350
32367
32357
32357
32357
32339
32357
32357
32357
32357
32357
32357
32347
32342
32342
32342
32342
32342
32342
32342
32331
32331
32336
32329
32329
32329
32329
32326
32324
32324
32278
32278
32278
32278
32278
32278
32298
32298
32298
32298
32298
32298
31538
1.92764