32563
32527
32508
32449
32439
32393
32393
32343
32325
32325
32325
32322
32314
32314
32313
32273
32252
32245
32245
32245
32228
32228
32228
32226
32226
32219
32219
32216
32202
32192
32192
32192
32192
32192
32192
32192
32181
32181
32181
32181
32181
32181
32171
32171
32171
32171
32135
32135
32135
32135
32135
32135
32135
32135
32135
32135
32135
32130
32130
32130
32130
32130
32130
32130
32130
32130
32130
32130
32130
32107
32107
32107
32107
32107
32107
32107
32107
32107
32107
32107
32107
32107
32107
32107
32107
32107
32107
32107
32107
32107
32107
32107
32107
32107
32107
32107
32099
32099
32099
32099
31538
1.71658