63800
63800
63800
63800
63800
63800
63800
63800
63786
63786
63786
63768
63768
63768
63768
63768
63768
63768
63768
63747
63747
63747
63747
63747
63747
63747
63747
63747
63747
63747
63747
63747
63747
63747
63747
63747
63653
63653
63653
63653
63653
63653
63647
63647
63647
63647
63647
63647
63647
63647
63647
63647
63647
63647
63647
63647
63647
63611
63572
63572
63572
63572
63572
63572
63572
63572
63572
63572
63572
63572
63572
63572
63572
63572
63572
63572
63572
63572
63572
63572
63572
63572
63572
63572
63572
63572
63572
63572
63572
63572
63572
63572
63572
63572
63572
63570
63570
63570
63570
63570
62093
51.0675