109824
109464
109464
109425
109305
109282
109282
109282
109282
109229
109229
109229
109229
109229
109229
109229
109229
109229
109222
109222
109186
109182
109182
109182
109182
109182
109182
109182
109182
109182
109182
109162
109162
109162
109162
109162
109162
109162
109071
109071
109071
109071
109071
109071
109071
109071
109071
109071
109071
109071
109071
109071
109071
109054
109054
109054
109054
109054
109054
109054
109054
109054
109054
109054
109054
109054
109054
109054
109054
109023
109023
109023
109023
109023
109023
109023
109023
109023
109023
109023
109023
109023
109023
109023
109023
109023
109023
109023
109023
109023
109023
109023
109023
109023
109023
109013
108978
108978
108978
108978
107218
2.04472