32510
32455
32425
32425
32425
32425
32425
32397
32408
32373
32404
32373
32389
32404
32387
32383
32389
32394
32376
32376
32376
32376
32376
32376
32355
32351
32351
32351
32351
32346
32343
32345
32341
32345
32294
32297
32294
32297
32294
32309
32293
32294
32293
32293
32251
32240
32270
32264
32251
32280
32251
32280
32251
32280
32282
32280
32282
32280
32282
32280
32282
32280
32282
32280
32282
32300
32281
32306
32281
32306
32329
32306
32336
32306
32318
32324
32293
32314
32293
32268
32280
32267
32293
32267
32307
32267
32292
32267
32260
32259
32259
32259
32259
32237
32259
32237
32259
32237
32273
32237
31538
20.2083