366821
366689
366597
366464
366351
366139
366111
366072
366026
365992
365844
365818
365818
365818
365818
365813
365765
365590
365590
365590
365590
365590
365590
365590
365590
365590
365509
365509
365509
365477
365477
365477
365477
365477
365453
365401
365401
365401
365401
365401
365401
365401
365401
365401
365394
365394
365394
365394
365394
365394
365394
365394
365351
365351
365351
365351
365351
365351
365351
365304
365304
365252
365252
365252
365252
365252
365252
365252
365252
365252
365252
365252
365252
365252
365252
365252
365252
365252
365252
365252
365252
365252
365235
365235
365207
365207
365207
365207
365207
365207
365207
365207
365207
365207
365207
365207
365207
365207
365176
365176
360630
62.6537