257986
257617
257405
257307
257282
257210
257147
257087
257087
257070
257070
257015
257015
257015
257015
257015
257015
257015
257015
257015
257015
257015
257003
256976
256976
256976
256976
256976
256944
256937
256937
256889
256889
256889
256865
256844
256844
256844
256844
256844
256768
256768
256768
256768
256768
256712
256712
256712
256712
256711
256711
256711
256711
256690
256690
256690
256690
256675
256675
256675
256645
256645
256645
256645
256645
256645
256645
256645
256645
256645
256645
256645
256645
256645
256645
256645
256645
256645
256645
256645
256645
256645
256645
256645
256645
256645
256634
256634
256634
256634
256634
256634
256634
256634
256634
256567
256567
256567
256567
256567
253195
4.00242