32584
32430
32415
32421
32409
32379
32374
32379
32359
32380
32342
32372
32323
32328
32367
32359
32292
32324
32327
32349
32362
32360
32356
32369
32371
32375
32360
32383
32364
32375
32340
32374
32373
32358
32357
32323
32304
32350
32343
32332
32359
32353
32315
32362
32369
32352
32374
32336
32366
32354
32358
32341
32340
32352
32329
32377
32344
32348
32371
32358
32371
32334
32346
32363
32364
32335
32372
32347
32351
32344
32364
32379
32351
32328
32370
32316
32347
32359
32373
32355
32355
32386
32374
32358
32364
32369
32382
32363
32380
32357
32346
32337
32337
32390
32369
32367
32314
32319
32367
32335
31538
18.9031