63828
63712
63677
63604
63561
63542
63542
63503
63488
63488
63475
63475
63475
63457
63457
63457
63457
63416
63374
63374
63374
63374
63374
63374
63374
63374
63374
63374
63374
63333
63314
63314
63314
63314
63314
63314
63314
63314
63314
63314
63314
63297
63297
63297
63297
63297
63297
63297
63297
63297
63297
63297
63297
63297
63297
63297
63297
63297
63297
63297
63297
63297
63297
63297
63297
63274
63274
63274
63274
63274
63274
63274
63274
63274
63274
63274
63259
63259
63259
63259
63259
63259
63259
63237
63237
63237
63237
63237
63237
63237
63237
63237
63237
63237
63237
63237
63237
63237
63237
63237
62093
28.1011