258121
257956
257825
257679
257564
257496
257261
257261
257261
257261
257261
257237
257155
257086
257086
257086
257029
257029
257009
257009
257009
257009
257009
256934
256934
256911
256911
256911
256911
256911
256850
256850
256850
256850
256844
256844
256844
256844
256844
256832
256832
256832
256832
256832
256832
256832
256832
256831
256828
256810
256809
256809
256809
256774
256615
256615
256615
256615
256615
256615
256615
256615
256615
256615
256615
256615
256615
256615
256615
256615
256615
256615
256615
256615
256615
256615
256615
256615
256615
256615
256615
256615
256615
256615
256615
256615
256615
256615
256615
256615
256615
256615
256615
256615
256615
256615
256615
256615
256615
256615
253195
32.359