366870
366779
366765
366582
366481
366427
366347
366277
366248
366114
366161
366157
366035
365980
366000
365902
365735
365737
365797
365782
365761
365704
365660
365709
365690
365635
365630
365623
365607
365610
365553
365518
365554
365559
365553
365506
365472
365458
365484
365461
365486
365478
365478
365472
365451
365466
365464
365521
365455
365392
365455
365397
365370
365440
365521
365440
365335
365324
365339
365339
365339
365339
365351
365331
365229
365229
365173
365171
365171
365234
365184
365252
365094
365094
365102
365094
365094
365098
365071
365071
365071
365071
365101
365137
365178
365262
365270
365260
365303
365252
365254
365252
365318
365350
365368
365439
365437
365442
365386
365386
360630
81.2305