63863
63737
63691
63619
63588
63552
63566
63492
63509
63488
63460
63502
63478
63490
63510
63408
63436
63485
63456
63462
63478
63496
63472
63474
63462
63468
63456
63484
63458
63481
63475
63468
63461
63495
63475
63507
63407
63411
63442
63502
63517
63478
63495
63480
63469
63484
63448
63492
63517
63406
63463
63501
63472
63510
63464
63535
63504
63515
63484
63469
63520
63484
63468
63511
63515
63500
63513
63487
63469
63499
63503
63410
63479
63508
63529
63417
63503
63490
63486
63460
63507
63480
63523
63513
63501
63480
63489
63525
63463
63483
63410
63482
63501
63534
63504
63372
63449
63479
63509
63526
62093
28.6486