366892
366896
366896
366896
366896
366829
366671
366671
366671
366809
366736
366736
366720
366699
366579
366579
366579
366468
366353
366482
366579
366622
366503
366581
366566
366383
366487
366470
366457
366457
366457
366397
366397
366372
366326
366265
366326
366340
366272
366210
366272
366272
366267
366267
366267
366214
366214
366214
366191
366102
366302
366182
366182
366182
366207
366207
366203
366150
366150
366126
366120
366176
366169
366162
366162
366106
366162
366094
366094
365983
366094
366094
366094
366051
366051
366051
366051
366033
366033
366033
366033
366059
366038
366083
366080
366083
366060
366017
366060
366060
366058
365956
365956
366008
366008
366008
365991
365941
365991
365991
360630
7.41444