173266
173224
173224
173224
173335
173335
173318
173260
173260
173260
173208
173208
173181
173191
173191
173134
173074
173022
173106
173106
173087
173087
173056
173056
173051
173051
173051
173043
172963
172963
172935
172963
173013
172941
172941
172941
172949
172949
172972
172967
172917
172917
172917
172833
172833
172791
172791
172776
172776
172791
172760
172791
172791
172791
172791
172791
172791
172791
172696
172696
172696
172696
172696
172696
172697
172697
172686
172686
172686
172744
172716
172693
172693
172693
172693
172693
172693
172693
172668
172689
172689
172689
172665
172602
172602
172580
172658
172640
172667
172667
172661
172629
172629
172629
172619
172619
172619
172619
172650
172650
169755
4.30989