366892
366892
366824
366646
366646
366768
366768
366694
366694
366693
366693
366631
366441
366441
366441
366418
366418
366359
366359
366291
366291
366291
366291
366359
366359
366347
366350
366353
366254
366353
366320
366303
366303
366320
366332
366332
366332
366332
366320
366320
366320
366359
366359
366359
366261
366261
366261
366261
366261
366261
366223
366223
366261
366234
366234
366261
366261
366261
366238
366261
366261
366374
366416
366332
366314
366289
366289
366289
366201
366201
366401
366365
366274
366274
366278
366243
366278
366275
366275
366275
366162
366162
366162
366162
366162
366160
366162
366162
366148
366019
366014
366076
366140
366140
366140
366140
366140
366132
366140
366140
360630
1.68314