366899
366631
366449
366356
366323
366173
366099
365983
365947
365874
365851
365954
365829
365885
365834
365824
365756
365652
365740
365697
365786
365706
365812
365816
365809
365842
365853
365844
365848
365805
365741
365733
365835
365739
365771
365727
365600
365622
365641
365552
365531
365683
365629
365702
365725
365760
365819
365768
365699
365650
365756
365736
365810
365709
365696
365745
365747
365791
365679
365791
365737
365754
365702
365793
365752
365744
365716
365633
365711
365733
365696
365742
365771
365764
365752
365746
365719
365729
365848
365834
365773
365717
365727
365745
365704
365783
365804
365851
365852
365841
365730
365808
365865
365916
365829
365679
365770
365693
365736
365702
360630
81.1716