32555
32526
32526
32526
32494
32494
32494
32494
32494
32494
32494
32494
32494
32494
32494
32447
32447
32447
32447
32447
32447
32447
32447
32447
32447
32422
32422
32422
32422
32422
32422
32422
32422
32422
32422
32422
32422
32408
32408
32408
32408
32408
32408
32408
32408
32408
32408
32408
32408
32408
32408
32408
32408
32408
32408
32408
32408
32408
32408
32408
32408
32408
32408
32408
32408
32408
32408
32408
32408
32408
32408
32408
32408
32408
32408
32408
32408
32408
32408
32408
32408
32408
32408
32408
32408
32408
32408
32408
32408
32408
32408
32408
32408
32408
32408
32408
32408
32408
32408
32408
31538
31.6642