173409
173390
173451
173381
173381
173460
173231
173160
173160
173088
173088
173088
173088
173018
173018
173039
172998
173039
173039
172877
173039
173039
173039
173039
173095
173095
173095
173095
173095
173024
173022
173022
173022
173004
172990
172990
172996
172996
172996
172996
172996
172996
172996
172996
172996
172996
172972
172972
172972
172996
172994
172994
172935
172935
172950
172950
172929
172929
172929
172929
172929
172890
172890
172890
172890
172890
172890
172894
172929
172929
172929
172913
172913
172913
172963
172963
172894
172963
172892
172892
172918
172901
172883
172883
172927
172927
172927
172857
172857
172873
172873
172873
172873
172873
172873
172873
172873
172873
172873
172823
169755
0.831861