173266
173133
173101
173088
173075
173057
172957
172918
172913
172892
172845
172820
172763
172763
172732
172598
172598
172577
172577
172522
172514
172514
172514
172514
172441
172441
172419
172415
172415
172403
172381
172381
172328
172328
172328
172328
172328
172323
172323
172291
172291
172261
172261
172261
172261
172261
172261
172261
172261
172261
172261
172243
172243
172228
172228
172228
172228
172228
172228
172201
172201
172201
172201
172124
172124
172112
172112
172112
172112
172112
172112
172112
172112
172112
172090
172076
172076
172076
172076
172076
172076
172076
172076
172076
172076
172076
172076
172076
172076
172076
172076
172075
172075
172060
172060
172060
172060
172060
172051
172051
169755
4.61829