258114
257971
257869
257707
257784
257737
257687
257514
257514
257575
257461
257471
257395
257359
257372
257291
257300
257281
257177
257169
257154
257088
257077
257107
257018
257059
257036
257036
257036
257003
257011
256988
256970
257007
257007
257007
256990
256953
256957
256972
256973
256972
256866
256879
256865
256809
256865
256898
256852
256898
256898
256910
256898
256964
256976
256982
256916
256971
256958
256923
256933
256875
256875
256875
256948
256948
256948
256933
256891
256890
256870
256834
256815
256831
256815
256897
256857
256869
256869
256869
256768
256757
256768
256768
256753
256732
256798
256844
256798
256783
256785
256765
256716
256714
256664
256671
256664
256709
256636
256636
253195
63.9831