109797
109665
109639
109643
109625
109634
109603
109632
109557
109521
109521
109515
109521
109473
109488
109473
109425
109435
109404
109405
109395
109395
109395
109429
109387
109401
109375
109361
109322
109324
109321
109314
109314
109314
109314
109318
109277
109318
109287
109301
109263
109289
109280
109241
109266
109243
109239
109256
109146
109146
109178
109146
109192
109181
109180
109149
109121
109115
109137
109114
109107
109107
109107
109157
109144
109114
109112
109132
109155
109130
109091
109118
109127
109118
109095
109081
109095
109080
109074
109075
109066
109075
109103
109084
109025
109070
109025
109025
109025
109030
109001
109065
109077
109062
109050
109047
109046
109043
109046
109060
107218
52.0595