109776
109748
109686
109686
109686
109686
109686
109681
109681
109681
109681
109681
109681
109681
109681
109681
109681
109681
109681
109681
109681
109681
109681
109681
109681
109681
109681
109681
109681
109681
109681
109681
109677
109677
109677
109677
109677
109677
109677
109677
109677
109677
109649
109649
109649
109649
109647
109632
109628
109628
109628
109628
109628
109628
109628
109628
109628
109628
109628
109628
109628
109628
109628
109628
109628
109628
109628
109628
109628
109628
109628
109628
109628
109628
109628
109615
109615
109615
109615
109615
109615
109615
109615
109615
109615
109615
109615
109615
109615
109615
109615
109615
109615
109615
109615
109615
109615
109615
109615
109615
107218
53.1225