173374
173247
173159
172957
172953
172902
172894
172756
172756
172756
172720
172720
172720
172673
172673
172673
172673
172673
172646
172625
172541
172512
172512
172512
172512
172512
172512
172512
172512
172512
172506
172506
172506
172506
172506
172506
172506
172506
172506
172506
172476
172476
172455
172455
172455
172440
172440
172440
172440
172440
172440
172388
172388
172388
172321
172321
172321
172321
172321
172321
172321
172321
172321
172321
172321
172321
172321
172321
172321
172321
172321
172321
172321
172321
172321
172321
172321
172321
172321
172321
172321
172321
172321
172321
172321
172321
172321
172321
172321
172321
172321
172285
172285
172285
172285
172245
172245
172245
172245
172245
169755
799.539