258108
258037
257911
257804
257755
257604
257569
257519
257476
257466
257433
257321
257230
257211
257114
257088
257025
257025
257021
257021
256998
256985
256942
256872
256866
256866
256802
256802
256802
256790
256790
256724
256724
256724
256689
256689
256638
256638
256638
256636
256628
256612
256612
256612
256577
256577
256577
256512
256512
256512
256512
256512
256494
256494
256494
256494
256494
256494
256494
256494
256494
256463
256463
256424
256424
256359
256359
256359
256355
256355
256355
256355
256355
256351
256351
256351
256351
256342
256342
256342
256342
256342
256342
256342
256342
256342
256342
256342
256336
256336
256336
256336
256260
256260
256260
256260
256260
256250
256250
256184
253195
6.15874