32546
32525
32435
32435
32401
32390
32359
32353
32353
32346
32346
32328
32328
32319
32319
32319
32319
32305
32291
32291
32291
32291
32279
32279
32279
32279
32279
32188
32188
32188
32188
32188
32188
32188
32188
32188
32188
32188
32188
32188
32188
32188
32188
32188
32188
32188
32188
32188
32188
32188
32188
32188
32188
32188
32188
32188
32188
32188
32188
32188
32188
32188
32188
32188
32188
32188
32188
32188
32188
32188
32188
32188
32188
32188
32188
32188
32188
32188
32188
32188
32188
32188
32188
32188
32188
32188
32188
32188
32188
32188
32188
32188
32188
32188
32188
32188
32188
32188
32188
32188
31538
18.5456