366861
366861
366811
366719
366719
366719
366719
366719
366719
366719
366719
366708
366585
366548
366548
366542
366480
366480
366480
366480
366480
366480
366480
366480
366375
366375
366375
366280
366280
366280
366280
366280
366280
366280
366280
366280
366280
366280
366280
366280
366280
366280
366280
366280
366280
366280
366209
366172
366172
366172
366172
366172
366172
366155
366155
366155
366155
366155
366155
366155
366155
366155
366155
366155
366155
366155
366155
366155
366155
366155
366155
366155
366155
366155
366155
366155
366155
366155
366155
366155
366048
366048
366048
366048
366032
366032
366032
366032
366032
366032
366032
366032
366032
366032
366032
366032
366032
366032
366032
365944
360630
258.155