32574
32429
32372
32372
32372
32363
32341
32319
32319
32319
32311
32297
32297
32297
32297
32273
32273
32273
32273
32273
32273
32273
32273
32273
32273
32273
32273
32273
32273
32273
32273
32254
32254
32254
32232
32232
32232
32232
32232
32232
32232
32232
32232
32232
32232
32232
32232
32232
32232
32232
32232
32232
32232
32232
32232
32232
32232
32232
32232
32232
32232
32232
32232
32232
32232
32214
32214
32214
32214
32214
32214
32214
32214
32214
32214
32214
32214
32214
32214
32214
32214
32214
32214
32214
32214
32214
32214
32214
32214
32214
32214
32214
32214
32214
32214
32214
32214
32214
32214
32214
31538
1.06384