173409
172918
172902
172778
172778
172777
172777
172763
172755
172710
172675
172675
172627
172627
172621
172621
172621
172621
172621
172621
172587
172502
172502
172502
172502
172502
172502
172502
172502
172502
172480
172480
172480
172480
172480
172480
172480
172480
172466
172466
172466
172466
172466
172466
172466
172466
172466
172466
172466
172444
172444
172444
172444
172444
172444
172422
172422
172422
172422
172422
172422
172422
172422
172354
172354
172354
172354
172354
172354
172354
172354
172354
172354
172354
172354
172354
172354
172354
172354
172354
172354
172354
172354
172354
172354
172354
172354
172354
172354
172354
172351
172351
172351
172351
172351
172351
172344
172344
172344
172344
169755
2.99313