63720
63724
63648
63648
63648
63589
63601
63589
63620
63576
63618
63599
63599
63599
63599
63580
63560
63551
63514
63509
63514
63509
63487
63499
63487
63512
63461
63458
63439
63423
63439
63423
63439
63444
63439
63444
63403
63423
63415
63403
63386
63403
63386
63403
63365
63362
63351
63319
63324
63351
63315
63341
63367
63341
63367
63335
63359
63357
63359
63345
63344
63344
63339
63303
63321
63303
63303
63303
63303
63303
63365
63328
63365
63403
63365
63403
63365
63394
63365
63394
63365
63353
63353
63353
63353
63351
63351
63351
63341
63341
63341
63341
63341
63341
63341
63341
63342
63326
63331
63326
62093
27.6352