109777
109723
109605
109520
109490
109382
109382
109382
109361
109352
109352
109352
109342
109340
109301
109292
109235
109235
109235
109235
109214
109214
109213
109213
109213
109213
109202
109202
109202
109202
109173
109173
109173
109173
109173
109154
109154
109154
109154
109143
109141
109131
109131
109131
109131
109125
109125
109125
109125
109119
109119
109119
109119
109119
109110
109110
109099
109099
109099
109099
109099
109084
109084
109084
109084
109084
109084
109084
109084
109084
109084
109060
109060
109060
109060
109060
109060
109060
109060
109060
109060
109060
109053
109053
109053
109004
109004
109004
109004
109004
109004
109004
109004
109004
109004
109004
109004
109004
109004
109004
107218
949.146