173482
173383
173383
173362
173361
173294
173294
173294
173294
173294
173294
173254
173254
173211
173211
173167
173167
173167
173167
173167
173156
173156
173156
173156
173156
173156
173156
173156
173156
173156
173156
173156
173156
173156
173156
173156
173156
173156
173140
173140
173140
173140
173140
173140
173140
173140
173140
173140
173140
173140
173140
173140
173140
173140
173140
173140
173117
173117
173117
173117
173117
173089
173089
173089
173021
173021
173013
172927
172890
172890
172890
172890
172884
172884
172884
172825
172825
172825
172825
172825
172825
172825
172825
172825
172825
172798
172798
172798
172798
172798
172798
172798
172790
172790
172790
172736
172707
172689
172689
172689
169755
501.031