258108
258098
258098
258043
257990
257990
257880
257880
257880
257854
257843
257828
257708
257708
257708
257708
257708
257708
257646
257646
257708
257708
257703
257609
257699
257675
257631
257631
257631
257625
257625
257625
257616
257587
257544
257485
257550
257495
257495
257495
257495
257456
257550
257514
257501
257501
257501
257501
257501
257490
257394
257394
257394
257394
257386
257322
257308
257322
257322
257306
257322
257321
257331
257331
257330
257331
257331
257331
257264
257213
257349
257344
257344
257344
257264
257264
257264
257264
257264
257258
257258
257258
257258
257239
257258
257253
257258
257159
257238
257216
257259
257255
257255
257264
257196
257141
257141
257141
257264
257264
253195
5.90227