109902
109896
109838
109814
109838
109786
109725
109710
109700
109725
109601
109601
109659
109705
109705
109665
109665
109632
109632
109543
109632
109622
109540
109532
109532
109532
109532
109532
109532
109532
109532
109532
109529
109532
109532
109526
109479
109479
109479
109392
109392
109392
109473
109473
109473
109473
109501
109456
109456
109456
109486
109474
109486
109486
109486
109486
109486
109486
109486
109486
109486
109486
109486
109486
109486
109486
109486
109486
109576
109547
109464
109541
109497
109497
109588
109558
109558
109554
109532
109524
109513
109532
109532
109532
109532
109532
109469
109469
109392
109392
109392
109392
109392
109392
109392
109392
109392
109392
109392
109392
107218
0.516436