3162
2884
2884
2870
2870
2820
2818
2818
2772
2764
2764
2734
2732
2732
2730
2730
2680
2680
2680
2680
2680
2680
2680
2680
2680
2680
2680
2680
2680
2680
2680
2650
2622
2622
2622
2622
2622
2622
2622
2622
2622
2622
2622
2622
2622
2622
2622
2622
2622
2622
2622
2622
2622
2622
2622
2622
2622
2622
2622
2622
2622
2622
2622
2622
2622
2622
2622
2622
2622
2622
2622
2622
2622
2622
2622
2622
2622
2622
2622
2614
2614
2614
2614
2614
2614
2614
2614
2614
2614
2614
2614
2614
2614
2614
2614
2586
2586
2586
2586
2586
2438
30.2823