2956
2956
2932
2932
2914
2790
2790
2746
2718
2686
2686
2686
2686
2660
2654
2654
2654
2636
2632
2632
2632
2632
2608
2608
2608
2592
2588
2576
2568
2568
2568
2568
2560
2560
2560
2560
2560
2560
2560
2560
2560
2560
2560
2546
2546
2546
2534
2534
2534
2534
2534
2534
2534
2534
2530
2530
2530
2528
2528
2528
2526
2526
2526
2526
2526
2526
2526
2526
2526
2526
2526
2526
2526
2526
2526
2516
2516
2516
2516
2516
2516
2516
2516
2516
2496
2496
2496
2496
2496
2496
2496
2496
2496
2496
2496
2496
2496
2496
2496
2496
2438
0.928183