6486
6396
6294
6058
6058
5958
5950
5874
5874
5874
5816
5816
5816
5816
5816
5798
5798
5732
5732
5726
5726
5700
5698
5698
5698
5682
5682
5682
5682
5682
5678
5678
5658
5654
5654
5618
5618
5598
5588
5588
5588
5578
5578
5578
5576
5576
5576
5576
5556
5556
5556
5556
5556
5556
5556
5556
5556
5556
5554
5554
5554
5554
5554
5554
5554
5554
5554
5516
5512
5512
5512
5512
5512
5512
5512
5512
5512
5512
5484
5472
5472
5472
5456
5456
5456
5456
5456
5456
5456
5456
5456
5456
5456
5456
5456
5456
5456
5432
5432
5432
5234
1.43837