6570
6570
6570
6570
6570
6570
6570
6570
6570
6570
6570
6556
6556
6556
6556
6556
6556
6556
6556
6556
6556
6556
6556
6556
6556
6556
6556
6556
6552
6552
6552
6552
6552
6552
6552
6552
6552
6552
6552
6552
6552
6552
6552
6552
6552
6552
6552
6552
6552
6552
6552
6552
6552
6552
6552
6552
6552
6552
6552
6552
6552
6552
6552
6552
6552
6552
6552
6552
6552
6552
6552
6552
6552
6552
6552
6552
6552
6552
6552
6552
6552
6552
6552
6552
6552
6552
6552
6552
6552
6552
6552
6552
6552
6552
6552
6552
6552
6552
6552
6552
5234
14.8364