4330
4256
4186
4138
4072
4068
4068
4044
4030
4030
4030
4030
4018
4006
3994
3994
3988
3932
3932
3932
3932
3932
3932
3932
3874
3874
3874
3874
3874
3874
3874
3874
3874
3874
3874
3874
3874
3874
3874
3874
3874
3874
3874
3874
3874
3846
3846
3846
3846
3832
3832
3832
3832
3832
3832
3832
3832
3832
3832
3832
3832
3832
3832
3832
3832
3832
3832
3832
3832
3832
3832
3832
3832
3832
3832
3832
3832
3832
3788
3788
3788
3788
3788
3788
3788
3788
3788
3788
3788
3788
3788
3788
3788
3788
3788
3788
3788
3788
3788
3788
3488
39.9428