4388
4094
4094
4052
4034
4034
4034
4014
4014
3918
3918
3898
3898
3898
3898
3892
3892
3892
3892
3892
3892
3892
3892
3892
3892
3892
3892
3892
3882
3882
3882
3862
3862
3862
3862
3862
3862
3862
3862
3862
3862
3862
3862
3862
3862
3862
3862
3862
3862
3862
3862
3826
3826
3826
3826
3826
3826
3826
3826
3826
3826
3826
3826
3826
3826
3826
3826
3826
3826
3826
3826
3826
3826
3826
3826
3826
3826
3826
3826
3826
3826
3826
3826
3826
3826
3826
3826
3826
3826
3792
3792
3792
3792
3792
3792
3792
3792
3792
3792
3792
3488
0.471244