6442
6364
6364
6364
6420
6308
6414
6342
6312
6306
6304
6288
6302
6302
6302
6298
6278
6288
6250
6236
6116
6116
6116
6116
6024
6024
6024
6024
6162
6040
6040
6040
5924
5924
5924
6040
5986
5986
5986
6198
6198
6178
6098
6098
6146
6146
6084
6106
5944
5944
5944
5944
5944
5834
5944
5770
5770
5770
5770
5914
5944
5944
5944
5944
5944
5976
5976
5976
5976
5916
5916
5906
5906
5906
5940
5862
5862
5862
5862
5862
6030
6060
6062
6062
6058
6062
6054
6006
6006
6006
6006
6006
6006
6006
6048
6036
6062
6062
6062
6062
5166
2.17045