4496
4446
4358
4358
4358
4256
4256
4256
4166
4166
4166
4166
4166
4166
4166
4166
4166
4166
4166
4166
4142
4142
4142
4142
4142
4142
4142
4142
4142
4142
4142
4142
4142
4142
4142
4142
4142
4142
4142
4142
4142
4142
4142
4142
4142
4142
4142
4142
4142
4142
4142
4142
4142
4142
4142
4142
4142
4142
4142
4142
4142
4142
4142
4142
4142
4142
4142
4142
4142
4142
4142
4142
4142
4142
4142
4142
4142
4142
4142
4142
4142
4142
4142
4142
4142
4142
4142
4142
4142
4142
4142
4142
4142
4142
4142
4142
4142
4142
4142
4142
3488
39.2456