3182
3042
2914
2860
2888
2816
2884
2824
2838
2820
2736
2862
2860
2818
2810
2812
2748
2834
2774
2856
2850
2856
2820
2784
2710
2746
2842
2838
2778
2798
2818
2888
2804
2824
2722
2808
2824
2860
2846
2838
2818
2820
2840
2706
2844
2758
2866
2798
2818
2756
2860
2726
2876
2838
2810
2818
2824
2840
2846
2832
2882
2926
2846
2708
2852
2868
2776
2872
2834
2760
2764
2804
2836
2836
2806
2790
2768
2788
2770
2860
2798
2786
2870
2800
2742
2776
2796
2762
2730
2770
2788
2864
2830
2728
2800
2798
2806
2812
2786
2792
2438
9.62655