6778
6472
6192
6190
6166
6146
6082
6078
6040
5932
5932
6052
6082
6112
6014
6084
5988
6088
6046
6114
6138
6054
6008
6058
5972
6060
5978
5986
6018
5998
6104
5972
6066
6102
6014
5924
5968
6036
6018
6092
6106
6106
6030
6108
6106
6042
6048
6010
6076
6108
5998
5976
5918
6074
6040
6022
6002
6084
6076
6016
6090
6126
6096
6042
5998
5920
6016
6002
6060
6064
6052
6078
6040
6036
5944
5992
6022
6030
5998
6024
5962
5928
6096
6080
6062
6038
5974
6062
6000
6072
6084
5928
5990
5966
6040
6102
6064
5958
6018
6060
5234
16.5402