3044
3006
3026
3006
3026
3006
3024
3006
3024
2978
2850
2864
2814
2858
2796
2860
2796
2860
2796
2860
2796
2860
2796
2860
2796
2860
2796
2856
2796
2802
2796
2764
2824
2824
2824
2824
2794
2790
2800
2734
2824
2734
2734
2734
2734
2734
2734
2734
2734
2734
2734
2704
2696
2704
2696
2704
2696
2704
2696
2704
2696
2704
2696
2704
2696
2696
2696
2696
2696
2696
2696
2696
2696
2696
2696
2696
2696
2696
2696
2696
2696
2696
2696
2696
2696
2696
2696
2696
2696
2696
2696
2696
2696
2718
2714
2696
2714
2734
2696
2718
2438
14.1451