4398
4316
4320
4248
4316
4290
4248
4290
4320
4204
4252
4204
4216
4204
4216
4204
4216
3994
3956
3994
4006
3994
4006
3994
4006
3994
3994
3994
3994
3994
3994
3994
3994
4050
4054
4044
4006
3958
3946
3958
3946
3958
3946
3958
3946
3904
3900
3904
3900
3956
3956
3944
3956
3944
3960
3944
3868
3916
3868
3916
3956
3916
3926
3916
3870
3940
3972
3924
3908
3970
3964
3984
3936
3936
3924
3924
3878
3822
3870
3854
3836
3854
3836
3854
3866
3862
3862
3928
3868
3916
3868
3918
3928
3862
3882
3882
3882
3900
3890
3818
3488
52.5115