6686
6348
6130
6088
6008
6008
6008
5976
5976
5964
5964
5964
5964
5964
5964
5964
5888
5888
5888
5888
5888
5888
5888
5888
5888
5888
5888
5824
5824
5824
5824
5806
5806
5806
5806
5806
5806
5806
5800
5800
5800
5800
5800
5800
5800
5800
5800
5800
5800
5800
5800
5800
5800
5800
5800
5738
5738
5738
5738
5738
5738
5738
5738
5738
5738
5738
5738
5738
5738
5738
5738
5738
5738
5738
5738
5738
5738
5738
5738
5738
5738
5738
5738
5738
5738
5738
5738
5738
5738
5738
5738
5738
5700
5700
5700
5700
5700
5700
5700
5700
5234
0.663072