3016
3106
3040
2970
2970
2970
2940
2940
2970
2956
2956
2916
2916
2958
2906
2906
2928
2932
2938
2888
2888
2888
2928
2928
2880
2850
2856
2836
2836
2836
2828
2828
2816
2816
2816
2894
2854
2882
2730
2730
2730
2730
2730
2730
2730
2730
2730
2828
2828
2828
2828
2828
2828
2828
2764
2764
2764
2802
2814
2806
2806
2806
2784
2782
2782
2782
2782
2782
2782
2782
2782
2782
2740
2740
2782
2790
2794
2794
2794
2794
2794
2794
2794
2794
2794
2794
2794
2794
2794
2794
2794
2794
2794
2794
2794
2794
2794
2794
2794
2794
2438
1.76386