6576
6596
6526
6432
6432
6344
6284
6284
6284
6284
6282
6230
6162
6162
6230
6230
6206
6206
6206
6206
6206
6206
6206
6206
6206
6206
6206
6178
6178
6178
6178
6206
6206
6206
6202
6166
6184
6202
6202
6184
6184
6018
6018
6018
6124
6124
6124
6124
6154
6150
6150
6154
6154
6154
6154
6120
6120
6120
6120
6120
6120
6120
6120
6136
6122
6136
6136
6136
6218
6214
6196
6218
6084
6084
6084
6084
6084
6084
6126
6126
6140
6160
6112
6112
6112
6112
6112
6160
6116
6116
6198
6198
6186
6186
6198
6198
6198
6188
6188
6174
5166
0.499265