6698
6414
6272
6272
6216
6116
5994
5994
5994
5984
5984
5984
5984
5984
5818
5818
5818
5818
5818
5818
5818
5818
5818
5818
5818
5818
5818
5818
5818
5806
5806
5756
5756
5756
5756
5756
5756
5756
5756
5756
5756
5756
5756
5756
5756
5756
5756
5756
5738
5738
5738
5738
5738
5738
5738
5738
5738
5738
5738
5738
5738
5738
5738
5738
5738
5738
5738
5738
5738
5738
5738
5738
5738
5738
5738
5738
5738
5738
5738
5738
5738
5738
5722
5722
5722
5722
5722
5722
5722
5722
5712
5712
5712
5712
5708
5708
5708
5708
5708
5708
5234
415.392