6556
6556
6490
6658
6658
6658
6446
6398
6254
6254
6254
6254
6254
6254
6254
6254
6254
6254
6254
6254
6254
6254
6254
6202
6202
6202
6202
6202
6282
6308
6308
6308
6308
6308
6308
6160
6160
6160
6160
6238
6238
6144
6144
6144
6144
6144
6144
6144
6180
6240
6240
6246
6190
6182
6182
6182
6190
6190
6190
6190
6190
6190
6190
6190
6190
6190
6190
6190
6190
6190
6206
6206
6206
6206
6254
6276
6244
6306
6236
6140
6140
6140
6140
6140
6126
6126
6126
6140
6140
6140
6070
6070
6070
6070
6070
6070
6070
6070
6070
6206
5234
0.486241