6514
6662
6682
6682
6616
6616
6550
6450
6498
6498
6460
6460
6430
6412
6412
6380
6316
6316
6424
6422
6404
6388
6376
6370
6292
6300
6252
6256
6248
6164
6256
6256
6256
6256
6218
6218
6144
6202
6202
6202
6196
6196
6174
6170
6174
6160
6094
6094
6174
6126
6154
6182
6112
6112
6080
6080
6080
6144
6128
6216
6210
6216
6134
6058
6058
6058
6058
6058
6058
6058
6058
6026
6134
6134
6086
6124
6124
6124
6124
6124
6112
6112
6112
6112
6026
6026
5976
5976
5976
5976
5976
5976
5976
5968
5968
5952
5952
5952
5952
5952
5234
1.97416