4330
4296
4346
4346
4286
4328
4336
4276
4264
4200
4200
4200
4200
4200
4200
4200
4200
4200
4186
4180
4260
4258
4228
4238
4110
4236
4236
4236
4236
4236
4232
4232
4236
4100
4100
4100
4100
4100
4100
4100
4100
4100
4100
4100
4100
4100
4100
4164
4164
4180
4180
4180
4180
4180
4108
4108
4180
4180
4184
4184
4184
4214
4214
4138
4138
4138
4138
4188
4230
4276
4182
4182
4220
4124
4252
4252
4230
4282
4282
4278
4200
4176
4200
4200
4170
4088
4088
4088
4088
4088
4088
4088
4088
4088
4088
4088
4088
4088
4088
4088
3488
0.418844