6506
6304
6198
6154
5966
5962
6010
6054
6004
6026
5976
5932
5950
5966
5928
5998
5920
6014
6044
6006
6020
6076
5980
6018
5946
5984
6066
6064
6002
5946
5978
5966
5980
5978
5964
6050
6010
5960
5928
6016
5932
6050
6062
5984
5912
5948
5962
6010
6002
5984
5978
5972
5992
6042
6026
5954
5982
6018
6064
5942
6012
5918
5982
5918
5928
5968
6054
6036
5984
5966
5906
5876
6028
5906
5958
6004
6056
5950
5996
5988
6066
5994
6018
5934
5924
6050
6018
6014
6000
5972
5956
5988
6046
5958
6062
6050
6046
5914
6052
6012
5166
19.0707