3070
2832
2818
2748
2748
2748
2748
2748
2748
2720
2720
2720
2690
2690
2690
2690
2690
2690
2690
2690
2690
2690
2690
2690
2690
2690
2690
2690
2690
2690
2690
2690
2690
2690
2690
2690
2690
2690
2688
2656
2656
2656
2656
2656
2656
2656
2656
2656
2656
2656
2656
2656
2656
2656
2656
2656
2656
2656
2656
2656
2656
2656
2656
2656
2632
2632
2632
2632
2632
2632
2632
2632
2632
2632
2632
2632
2632
2632
2632
2632
2632
2632
2632
2632
2632
2632
2632
2632
2632
2632
2632
2632
2632
2632
2632
2632
2632
2632
2632
2632
2438
0.664311