3068
3068
3046
2950
3020
3020
3020
2946
2946
3020
3082
3028
3024
3022
3022
2994
2950
2942
2942
2938
3002
3002
3002
2938
2938
3014
2966
2966
2966
2966
2966
2966
2966
2966
3012
3012
2806
2806
2806
2998
2862
2862
2862
2862
2862
2862
2862
2862
2862
2862
2862
2862
2862
2862
2828
2828
2828
2828
2816
2816
2816
2816
2950
2970
2962
2834
2834
2834
2834
2834
2834
2834
2834
2834
2834
2834
2834
2834
2834
2834
2834
2834
2834
2834
2816
2834
2926
2926
2912
2894
2826
2826
2826
2826
2826
2906
2902
2906
2906
2906
2438
0.321857