6614
6368
6232
6154
6154
6078
6076
6060
6040
6038
5994
5958
5920
5916
5868
5868
5868
5822
5822
5822
5822
5822
5822
5822
5822
5822
5822
5822
5822
5822
5808
5808
5808
5808
5808
5808
5808
5754
5754
5754
5754
5754
5754
5754
5738
5720
5720
5720
5720
5720
5720
5720
5720
5720
5720
5716
5716
5716
5716
5716
5716
5708
5708
5708
5708
5708
5708
5612
5612
5612
5612
5612
5612
5612
5612
5612
5612
5612
5612
5612
5612
5612
5612
5612
5612
5612
5612
5612
5612
5612
5612
5612
5612
5612
5612
5612
5612
5612
5612
5612
5166
94.2603