6526
6192
6170
6016
5950
5950
5894
5894
5894
5894
5894
5894
5894
5860
5860
5860
5850
5850
5850
5850
5850
5850
5850
5850
5818
5818
5818
5802
5802
5802
5802
5802
5802
5802
5802
5802
5752
5752
5752
5752
5752
5752
5752
5752
5752
5752
5752
5752
5752
5752
5752
5752
5752
5752
5752
5752
5750
5750
5750
5750
5750
5708
5708
5708
5708
5708
5708
5708
5708
5708
5708
5632
5632
5632
5632
5632
5632
5632
5632
5632
5632
5632
5632
5632
5632
5632
5632
5632
5626
5626
5626
5626
5626
5626
5626
5626
5626
5626
5626
5626
5166
0.631863