6422
6262
6256
6220
6220
6220
6220
6178
6176
6150
6176
6150
6176
6150
6034
6008
5986
5986
5986
5986
5986
5986
5986
5986
5986
5986
5986
5986
5986
5986
5986
5978
5870
5842
5870
5842
5870
5842
5870
5842
5870
5842
5736
5800
5744
5800
5744
5800
5744
5800
5744
5800
5738
5800
5738
5800
5738
5800
5738
5800
5738
5800
5738
5750
5698
5728
5690
5724
5690
5724
5690
5724
5690
5724
5728
5724
5728
5724
5728
5724
5728
5724
5728
5724
5728
5798
5742
5796
5742
5796
5742
5796
5742
5796
5742
5762
5730
5762
5730
5714
5166
289.964