6410
6410
6410
6410
6410
6410
6410
6410
6410
6410
6410
6410
6410
6410
6410
6410
6410
6410
6410
6410
6410
6410
6410
6410
6410
6410
6410
6410
6410
6410
6410
6410
6410
6410
6410
6410
6410
6410
6410
6410
6410
6410
6410
6410
6410
6410
6404
6404
6404
6404
6404
6404
6404
6404
6404
6404
6404
6404
6386
6386
6386
6386
6386
6386
6386
6386
6386
6386
6386
6386
6386
6386
6386
6386
6386
6386
6386
6386
6386
6386
6386
6386
6386
6386
6386
6386
6386
6386
6386
6386
6386
6386
6386
6386
6386
6386
6386
6386
6386
6386
5166
16.0319