4452
4354
4268
4220
4196
4100
4074
3986
3954
3954
3954
3954
3942
3908
3880
3880
3880
3832
3832
3832
3832
3830
3830
3830
3830
3818
3818
3780
3780
3780
3780
3780
3756
3756
3752
3752
3752
3752
3752
3752
3752
3722
3722
3722
3722
3722
3722
3722
3722
3722
3712
3712
3712
3712
3712
3712
3712
3712
3712
3712
3712
3690
3690
3690
3690
3690
3690
3690
3690
3690
3690
3690
3690
3690
3690
3690
3690
3690
3690
3690
3690
3690
3690
3690
3690
3690
3690
3690
3690
3668
3668
3634
3634
3634
3634
3634
3634
3634
3634
3634
3488
1.23604