3096
3140
3076
3076
3076
3076
3076
3076
3076
3076
3076
3076
3076
3076
3076
3076
3076
3018
3018
3018
3018
3018
3018
3018
3018
3018
3018
3018
3018
3018
3018
3018
3018
3018
3018
3018
3018
3018
3018
3018
3018
3018
3018
3010
3010
3010
3010
3010
3010
3010
3010
3010
3010
3010
3010
3010
3010
3010
3010
3010
3010
3010
3010
3010
3010
3010
3010
3010
3010
3010
3010
3010
3010
3010
3010
3010
3010
2962
2962
2962
2962
2962
2962
2962
2962
2962
2962
2962
2962
2962
2962
2962
2962
2962
2962
2962
2962
2962
2962
2962
2438
53.4916