4362
4272
4218
4164
4080
4126
4124
4058
4064
4102
4078
4114
4034
4056
4136
4062
4102
4054
4104
4056
4142
4066
4146
4046
4076
4020
3946
3992
4010
4074
4050
4046
4074
4094
4092
4044
4096
4050
4052
4018
4002
4000
4076
4052
4026
4098
4068
4062
4112
4050
4080
4004
4114
4006
4060
4086
4136
4056
4070
4044
4158
4112
4074
3978
4004
4080
3992
4082
4006
4020
4124
4070
4120
4054
4112
4104
4100
4058
3964
4082
4022
4114
4082
4122
3990
4056
4040
4082
4094
4072
4000
4014
4034
4030
4090
4058
4030
4134
4148
4152
3488
10.4696