6610
6336
6322
6280
6236
6144
6030
6020
6012
5946
5864
5786
5786
5786
5734
5718
5718
5718
5718
5718
5674
5670
5670
5670
5670
5670
5670
5670
5670
5670
5670
5652
5652
5652
5652
5652
5638
5638
5634
5634
5634
5634
5634
5634
5632
5632
5624
5624
5620
5616
5616
5616
5616
5616
5604
5604
5604
5586
5586
5586
5586
5548
5548
5548
5548
5548
5520
5520
5520
5464
5464
5464
5464
5464
5464
5464
5464
5464
5464
5428
5428
5428
5428
5428
5428
5428
5428
5428
5428
5428
5428
5428
5428
5428
5428
5428
5428
5428
5428
5428
5166
1.49372