6258
6276
6324
6276
6234
6190
6190
6190
6190
6190
6190
6190
6190
6190
6190
5978
5978
5978
5978
5978
5978
5978
5978
5978
5978
5978
5978
6038
6018
6038
6018
6038
6018
6038
6018
6038
6018
6038
6030
5984
6024
5984
6024
5984
6024
5984
6024
5984
6024
5984
5920
5920
5920
5920
5920
5920
5920
5920
5920
5920
5920
5928
5920
5928
5920
5928
5920
5928
5920
5928
5920
5928
5874
5834
5910
5874
5834
5910
5874
5834
5910
5874
5834
5852
5834
5852
5834
5852
5834
5852
5830
5830
5830
5830
5830
5830
5830
5830
5928
5830
5234
52.3086