4390
4382
4380
4348
4342
4314
4244
4256
4228
4328
4314
4314
4314
4280
4300
4310
4268
4270
4254
4250
4250
4196
4168
4158
4168
4168
4150
4150
4150
4070
4070
4070
4070
4070
4070
4070
4070
4070
4070
4032
4032
4070
4092
4092
4032
4032
4016
4016
4196
4170
4170
4160
4170
4170
4102
4146
4148
4062
4062
4062
4062
4062
4062
4062
4062
4062
4062
4062
4096
4096
4096
4096
4022
4022
4102
4102
4018
4018
4018
4018
4018
4018
4018
4018
4018
4018
4018
4018
4018
4018
4102
4102
4102
4102
4192
4192
4196
4196
4132
4132
3488
1.90795