175790
175162
174488
174488
174488
174488
174488
174488
174488
174456
174456
174456
174456
174456
174128
174068
174068
174068
173948
173948
173052
173052
173052
172766
172618
172278
171976
171976
171976
171976
171976
171976
171976
171976
171976
171976
171976
171976
171976
171976
171976
171976
171860
171860
171860
171860
171860
171860
171860
171860
171860
171860
171860
171860
171860
171860
171860
171724
171724
171724
171724
171724
171482
171482
171482
171482
171482
171482
171482
171476
171458
171458
171458
171458
171458
171352
171340
171340
171202
171202
171202
171202
171202
171202
171202
171162
171162
171162
171162
171104
171104
170682
170682
170038
169798
169798
169798
169798
169798
169798
152002
106.526