175558
172378
171228
169926
169926
169670
169514
168590
168582
168582
168304
167934
167876
167876
167876
167170
167170
167170
167170
167098
166858
166858
166858
166690
166690
166048
166048
166048
166048
166048
166048
166048
166048
166048
166048
166048
166048
166048
166048
166048
166048
166048
166048
166048
165836
165836
165836
165836
165836
165836
165836
165836
165836
165836
165636
165636
165636
165636
165636
165636
165636
165502
165502
165502
165502
165502
165502
165502
165502
165502
165502
165502
165502
165502
165502
165502
165502
165284
165284
165074
165074
165074
165074
165074
165074
165074
165066
165066
165066
164866
164866
164866
164866
164866
164866
164866
164866
164866
164866
164866
152002
6.60117