174546
174264
174022
174050
173742
173514
173514
173002
172696
172688
172188
171912
171724
171448
171236
170558
169928
169748
169210
168860
168386
168412
168448
167886
167842
168178
167726
167726
167894
167682
167070
166974
166878
166816
166816
167002
167002
166714
166744
166400
166874
166894
166830
166874
166808
165980
166098
166364
166754
166654
166786
166472
166480
166572
166428
166438
166084
166144
165884
166264
166284
166230
166004
165934
166142
166142
166126
166160
166110
165986
165986
165770
165696
165660
165592
165382
164870
165158
165158
165308
165250
165250
165218
165218
165218
165218
165064
165058
165032
164956
165056
165256
165184
165150
165162
165046
164574
164954
164766
164766
152002
99.3266