175558
175766
175912
175474
175180
175180
174916
175180
175148
174828
174712
174672
174372
174252
174344
174304
174216
173336
173664
173808
173658
173820
173506
173506
173506
173300
173908
173808
173506
173288
173262
173262
173262
173524
173234
173188
172994
173566
173344
173118
173118
173146
173146
172900
173146
172888
172982
172798
172798
172798
172798
172678
172378
172378
172378
172378
172378
172162
172098
172162
172162
172162
171854
172532
172290
171860
172068
172068
172068
172042
171910
171910
171342
171342
171342
170958
170454
170454
170454
170102
170102
170102
170102
170102
170102
170102
170102
171150
171150
170726
170576
170434
170434
170434
170576
170504
170204
170504
169850
169850
152002
9.03982