175558
174932
174328
174188
173794
173190
171722
171578
171438
171438
170956
170640
169876
169876
169804
169804
169804
169420
169126
169126
169126
169046
168878
168580
168000
168000
167992
167810
167758
167416
167080
166644
166580
166580
166580
166468
166468
166468
166456
166456
166456
166456
166456
166270
166042
166042
165826
165812
165600
165536
165536
165290
165290
165290
165086
165086
165078
164992
164992
164918
164756
164756
164714
164706
164706
164606
164606
164606
164338
164108
163906
163786
163786
163786
163786
163786
163786
163768
163730
163730
163692
163636
163636
163636
163586
163586
163416
163416
163366
163366
163366
163366
163356
163252
163114
163046
163034
163034
162928
162928
152002
9.9499