175558
175036
175036
175508
175142
174586
174160
174160
174160
174160
173876
174050
173992
174050
174050
173664
173870
173592
172986
172986
172392
172530
172530
172794
172794
172360
172360
173166
172646
172084
172550
172098
172098
172098
172098
172578
172996
172984
172368
172368
172368
172368
172238
172014
172294
172294
172294
172146
172146
172294
172006
172006
172006
172006
172006
172006
172006
172006
172006
171576
171576
171576
171576
171576
171324
171324
171324
171324
171324
171324
171324
171180
170828
170828
170828
170828
170828
170682
170682
170908
170908
170908
170908
171324
171990
171884
171522
171522
172122
172140
171322
171322
171322
171960
171942
171960
171578
171766
172146
171900
152002
1.99578