176196
175030
174712
173186
172634
172566
171722
171490
171132
170342
170134
170052
169772
169540
169528
168964
168404
168404
167962
167962
167962
167916
167916
167652
167652
167380
167380
167380
167380
167380
167380
167152
166714
166714
166714
166714
166438
166438
166438
166126
165968
165968
165968
165968
165968
165968
165968
165968
165968
165294
165294
165294
165294
165294
165294
165294
165294
165294
165294
165294
165294
165294
165278
165278
165248
165248
165248
165248
165036
165036
165036
164914
164914
164914
164914
164914
164914
164914
164914
164914
164914
164914
164686
164686
164686
164686
164686
164686
164686
164686
164686
164686
164686
164686
164302
164302
164302
164302
164302
164302
152002
65.8682