19202
19010
18652
18436
18436
18304
18304
18164
18104
18010
18010
18010
18010
18010
18010
18010
18008
17948
17812
17812
17812
17812
17812
17812
17796
17796
17796
17752
17752
17752
17630
17630
17630
17630
17630
17630
17630
17630
17630
17486
17486
17486
17486
17486
17486
17486
17486
17486
17486
17486
17486
17486
17486
17450
17450
17450
17450
17450
17450
17450
17450
17450
17450
17450
17450
17450
17450
17450
17450
17450
17450
17450
17450
17450
17408
17408
17408
17408
17408
17408
17408
17388
17388
17388
17384
17384
17384
17384
17384
17384
17384
17384
17384
17382
17382
17382
17382
17382
17364
17364
15812
329.469