28106
28156
27860
27860
27698
27860
27860
27548
27642
27710
27468
27540
27506
27506
27404
27558
27480
27452
27410
27410
27410
27240
27090
27090
27090
27090
27090
27090
27090
27026
26930
27090
27090
27090
27090
27090
27354
27522
27500
27386
27366
27386
27318
27348
27386
27438
27438
27400
27330
27366
27366
27366
27108
27280
27280
27186
27258
27198
27186
27186
27158
27042
27042
27042
27042
27042
27042
27042
27042
27042
27126
27126
27126
27126
27126
27126
27068
27068
27068
27126
27084
26962
27052
27112
27112
27112
27112
27112
27112
27112
27112
27112
27112
27112
27112
27078
27112
27112
26888
26948
23386
0.404485