27358
27204
27204
27000
26834
26746
26746
26746
26734
26628
26560
26442
26438
26436
26340
26340
26340
26044
26044
26044
26044
26044
26044
26044
26044
26044
25868
25868
25868
25868
25868
25868
25868
25868
25868
25868
25868
25868
25868
25868
25868
25868
25858
25858
25828
25828
25828
25828
25828
25798
25764
25764
25764
25764
25764
25764
25764
25764
25764
25764
25764
25764
25764
25764
25764
25580
25580
25580
25580
25580
25580
25580
25580
25580
25504
25504
25504
25504
25504
25504
25504
25504
25504
25504
25480
25480
25480
25480
25480
25480
25480
25480
25480
25480
25480
25480
25480
25480
25480
25480
23386
512.414