19344
18968
18816
18788
18546
18344
18220
18172
18172
18132
18122
18100
18040
18032
17856
17856
17856
17856
17856
17676
17542
17498
17498
17498
17498
17478
17478
17478
17444
17444
17444
17394
17394
17394
17384
17384
17384
17384
17384
17344
17344
17268
17194
17194
17194
17194
17194
17194
17194
17194
17150
17150
17150
17150
17136
17114
17114
17114
17114
17114
17114
17114
17114
17114
17114
17074
17074
17074
17074
17074
17074
17074
17074
17074
17074
17074
17074
17058
17058
17058
17036
17036
17036
17036
17036
17036
17036
17036
17036
17036
17036
16994
16994
16994
16994
16994
16960
16960
16960
16960
15812
1.97672