28028
27226
27142
27106
26654
26426
26356
26304
26254
26064
26064
26064
26052
26052
26052
26052
26052
26028
25944
25856
25856
25834
25834
25834
25834
25830
25806
25782
25782
25678
25586
25462
25462
25462
25462
25462
25444
25444
25316
25276
25276
25272
25272
25272
25272
25256
25256
25256
25256
25256
25256
25256
25256
25256
25256
25256
25208
25148
25148
25148
25148
25116
25116
25116
25116
25116
25116
25116
25116
25068
25068
25068
25068
25068
25068
25068
25068
25068
25068
25068
25068
25036
25036
25024
25024
25024
25016
25016
24972
24972
24972
24972
24972
24972
24972
24972
24972
24972
24972
24972
23386
2.49155