19306
19120
19012
18946
18946
18946
18946
18890
18840
18890
18840
18630
18652
18670
18630
18660
18636
18554
18570
18546
18506
18546
18474
18464
18462
18462
18462
18322
18346
18438
18346
18438
18210
18306
18210
18306
18210
18234
18132
18234
18132
18234
18022
17998
17946
17998
18066
17998
18066
17998
18066
18044
18172
18044
18172
18044
18172
18128
18078
18064
18078
18104
18058
18164
18078
18070
18078
18070
18078
18070
18098
18070
18056
18060
18056
18056
18056
18056
18056
18056
18056
18056
18056
18056
18056
18056
17816
17940
17816
17940
17816
17732
17848
17756
17826
17732
17848
17848
17848
17848
15812
25.0668