19174
19174
19174
19136
19248
19248
19184
18968
18968
18538
18968
18968
18968
18776
18904
18820
18820
18968
18968
18966
18862
18862
18912
18846
18884
18836
18836
18836
18836
18676
18676
18676
18676
18676
18532
18676
18728
18738
18738
18738
18738
18738
18738
18660
18660
18660
18708
18708
18738
18582
18582
18564
18564
18582
18558
18558
18558
18540
18558
18558
18558
18558
18544
18544
18558
18558
18558
18558
18538
18538
18500
18340
18340
18340
18516
18516
18516
18516
18516
18516
18214
18516
18516
18388
18260
18492
18412
18412
18412
18412
18412
18344
18412
18412
18460
18458
18458
18458
18406
18406
15812
0.28983