19370
19370
19096
19096
19096
19096
19096
19096
19096
19096
19096
19096
19096
19096
19004
19004
19004
18986
18986
18986
18986
18986
18986
18986
18986
18986
18986
18986
18986
18986
18986
18986
18986
18986
18986
18986
18986
18986
18986
18986
18986
18986
18986
18986
18986
18986
18986
18986
18986
18986
18986
18986
18986
18986
18930
18930
18930
18930
18930
18930
18930
18930
18930
18930
18930
18930
18930
18930
18930
18930
18930
18930
18930
18930
18930
18930
18930
18930
18930
18930
18930
18930
18930
18930
18930
18930
18930
18890
18890
18890
18890
18890
18890
18890
18890
18890
18890
18890
18890
18890
15812
31.8352