27906
27216
27202
26914
26578
26554
26554
26476
26476
26476
26476
26308
26308
26218
26218
26218
26190
26190
26190
26190
26190
26190
26190
26190
26190
26190
26190
26190
25988
25988
25988
25988
25988
25988
25988
25988
25988
25988
25944
25902
25902
25902
25902
25902
25902
25902
25902
25852
25852
25852
25852
25804
25760
25760
25760
25760
25760
25760
25592
25592
25592
25592
25592
25592
25592
25592
25592
25592
25472
25472
25472
25472
25472
25472
25472
25472
25472
25472
25472
25472
25472
25472
25430
25430
25430
25430
25430
25430
25430
25430
25430
25430
25430
25430
25430
25430
25430
25430
25430
25430
23386
1.46536