18898
18398
18332
18332
18304
18234
18058
18058
18058
17956
17956
17956
17956
17798
17798
17798
17798
17798
17798
17798
17798
17746
17746
17746
17668
17668
17668
17668
17668
17668
17668
17668
17668
17668
17668
17668
17668
17648
17648
17648
17648
17648
17648
17648
17648
17648
17648
17648
17648
17648
17648
17648
17648
17648
17648
17648
17648
17648
17648
17648
17648
17648
17596
17596
17596
17596
17576
17576
17576
17576
17466
17466
17466
17466
17466
17466
17466
17466
17466
17466
17446
17446
17446
17360
17360
17360
17360
17360
17360
17360
17260
17260
17260
17260
17260
17260
17260
17260
17260
17260
15812
1.2185