28292
28292
28292
28292
28292
28048
28048
28048
28048
28048
28048
28048
28048
28048
28048
28048
28048
28048
27892
27892
27892
27892
27892
27892
27892
27892
27892
27892
27892
27892
27886
27740
27446
27446
27446
27446
27446
27404
27332
27332
27332
27280
27280
27280
27266
27266
27266
27266
27266
27266
27266
27266
27266
27266
27266
27266
27266
27266
27266
27266
27266
27266
27266
27266
27266
27266
27266
27266
27266
27266
27266
27266
27266
27266
27218
26988
26988
26988
26988
26988
26988
26988
26988
26988
26988
26988
26988
26988
26988
26988
26988
26988
26988
26988
26988
26988
26988
26988
26988
26988
23386
54.8133