28156
28126
28104
28204
28002
27940
27762
27762
27532
27532
27532
27262
27450
27446
27446
27266
27408
27410
27408
27102
27102
27102
27222
27222
27222
27222
27018
27262
27262
26968
26968
26968
26886
26886
26886
26778
26886
26818
26818
26796
26818
26780
26818
26426
26426
26426
26818
26818
26818
26818
26608
26608
26608
26516
26516
26722
26898
26826
26826
26826
26826
26826
26826
26826
26826
26826
26826
26826
26826
26918
27010
26758
26758
26852
26852
26844
26852
26784
26852
26852
26816
26750
26750
26716
26672
26672
26672
26672
26672
26654
26654
26654
26654
26654
26654
26878
26878
26878
26878
26878
23386
2.49002