19246
19246
19180
19440
19440
19192
19126
19294
19266
19170
19018
19202
19034
19034
19144
18964
18964
18862
18804
18936
18832
18832
18854
18622
18622
18534
18534
18582
18574
18678
18642
18576
18424
18424
18520
18520
18520
18578
18702
18688
18718
18590
18492
18590
18590
18596
18596
18596
18572
18596
18586
18516
18360
18360
18448
18516
18494
18348
18334
18334
18334
18334
18334
18334
18334
18374
18416
18322
18308
18322
18286
18286
18286
18286
18286
18322
18208
18208
18208
18262
18208
18310
18310
18310
18300
18304
18304
18304
18304
18304
18254
18256
18256
18256
18256
18256
18256
18256
18256
18256
15812
2.09763