28136
27470
27524
27380
27318
27342
27318
27342
27282
27320
27282
26872
27052
26872
27052
26952
26942
26942
26942
26882
26942
26882
26888
26882
26888
26882
26810
26790
26842
26772
26844
26820
26832
26544
26542
26544
26510
26234
26234
26234
26414
26234
26414
26434
26404
26434
26420
26412
26420
26412
26280
26332
26220
26328
26378
26310
26378
26310
26310
26310
26310
26310
26310
26310
26310
26310
26122
26122
26122
26122
26078
26078
26078
26078
26078
26078
26078
26036
26028
26054
26078
26118
26078
26118
25992
25952
25992
25952
25992
26018
26060
25992
26018
26044
25998
26044
25998
26024
26054
26024
23386
36.3823