28150
27672
27376
26844
26970
26890
26768
26518
26478
26600
26594
26368
26528
26476
26352
26496
26504
26670
26572
26604
26534
26596
26586
26618
26570
26592
26478
26526
26620
26624
26628
26634
26644
26296
26186
26378
26466
26598
26524
26542
26680
26444
26502
26490
26688
26460
26552
26362
26462
26644
26678
26498
26674
26540
26408
26512
26488
26736
26480
26656
26522
26060
26408
26492
26458
26614
26540
26586
26564
26416
26558
26628
26648
26510
26470
26444
26362
26370
26628
26610
26482
26542
26382
26330
26200
26342
26222
26532
26464
26578
26582
26336
26258
26304
26368
26602
26652
26498
26646
26494
23386
338.006