19354
18862
18760
18574
18250
18236
18148
18198
18134
18266
18304
18142
18126
18110
18174
18086
18244
18102
18156
18090
18010
17918
18028
18014
18176
18172
18204
18076
18050
18144
18000
17794
17888
17980
17854
18038
18106
18150
18064
18286
18094
18232
18122
18184
18054
17980
18018
18058
18142
18134
17994
18020
18174
18094
18130
18044
18128
18220
18100
18126
18136
17964
18084
18120
18080
18124
17996
18148
18088
18184
18136
18106
17854
18018
18160
18080
18194
18206
18250
18048
18136
17970
17926
17718
17810
18038
18112
18264
17998
18134
18270
18202
18246
18080
18068
18160
17988
18086
18192
18062
15812
176.764