41394
40954
40386
40408
40434
40218
40190
40218
39888
39874
39738
39698
39660
39624
39602
39624
39604
39526
39526
39526
39446
39350
39354
39194
39290
39194
39182
39092
39092
39058
38824
39114
38924
38888
38876
38836
38792
38808
38792
38792
38744
38744
38722
38744
38722
38722
38722
38722
38764
38642
38710
38548
38534
38476
38534
38476
38534
38534
38534
38534
38534
38464
38534
38464
38568
38464
38568
38590
38568
38590
38504
38590
38504
38312
38310
38178
38168
38168
38168
38168
38168
38168
38376
38168
38376
38148
38148
38148
38148
38128
38128
38128
38268
38128
38268
38166
38212
38166
38038
38026
34458
32.2189