41358
41358
41358
41188
41132
40986
41328
41026
40936
40958
40646
40646
40900
40884
40708
40708
40530
40470
40436
40470
40294
40370
40370
40198
40346
40296
40204
40170
40296
40302
40086
40186
40302
40302
40302
40302
40302
40302
40138
40138
40134
40148
40204
40172
40100
40100
40100
40076
40076
39886
39886
40076
40244
40128
40128
40002
39630
39630
39630
39630
40008
40008
40008
39858
39646
39544
39420
39376
39376
39376
39240
39376
39370
39376
39376
39342
39342
39342
39176
39176
39176
39176
39174
39174
39174
39174
39174
39176
39176
39176
39176
39176
39176
39036
39036
38960
38960
38960
38960
39154
34458
3.00843