41488
39710
39228
38850
38850
38850
38788
38788
38788
38788
38788
38788
38788
38788
38788
38788
38788
38788
38788
38788
38788
38740
38396
38250
38250
38200
38200
38200
38200
38200
38200
38200
38200
38200
38200
38200
38200
38200
38200
38200
38200
38200
38200
38146
38146
38146
38146
38146
38146
38146
38146
38146
38146
38146
38146
37820
37820
37820
37820
37820
37820
37820
37820
37820
37820
37820
37820
37820
37820
37820
37820
37820
37820
37762
37762
37762
37762
37762
37762
37762
37762
37762
37762
37762
37762
37762
37762
37762
37762
37762
37762
37762
37762
37762
37762
37762
37762
37762
37688
37688
34458
1.77331