40926
40926
40926
40848
40848
40848
40848
40848
40848
40848
40848
40848
40848
40848
40848
40848
40848
40848
40848
40848
40848
40848
40848
40726
40726
40726
40726
40726
40726
40726
40726
40726
40726
40726
40726
40726
40726
40726
40726
40726
40726
40726
40726
40726
40726
40726
40726
40726
40726
40726
40514
40514
40514
40514
40514
40514
40514
40452
40452
40452
40428
40428
40428
40428
40428
40428
40428
40428
40388
40388
40388
40388
40388
40388
40380
40356
40356
40356
40356
40356
40266
40266
40266
40266
40152
40110
40110
40110
40110
40110
40110
40110
40110
40110
40110
40110
40110
40110
40110
40110
34458
31.3629