41296
40930
40696
40384
40048
39650
39650
39458
39246
39246
39246
39246
39168
39008
39008
39008
38924
38924
38832
38832
38832
38674
38674
38674
38590
38582
38582
38582
38582
38494
38494
38494
38494
38494
38336
38336
38336
38336
38336
38312
38290
38290
38290
38290
38290
38290
38290
38070
38070
38070
38070
38070
38070
38070
38070
38070
38070
38070
38070
38070
37954
37954
37954
37954
37954
37954
37954
37954
37954
37954
37952
37952
37952
37952
37952
37952
37952
37952
37762
37762
37762
37762
37762
37762
37762
37672
37672
37672
37672
37672
37672
37672
37672
37672
37672
37672
37672
37672
37672
37672
34458
17.4029