41596
41106
40834
40704
40148
40056
39880
39680
39498
39488
39488
39388
39134
39134
39116
39088
38888
38888
38870
38870
38870
38656
38656
38656
38584
38584
38584
38584
38584
38492
38356
38332
38332
38332
38136
38136
38136
38104
38104
38104
38104
38104
38052
38052
38040
38040
37924
37924
37924
37924
37924
37894
37894
37732
37732
37732
37732
37686
37658
37610
37570
37552
37524
37524
37524
37524
37490
37490
37490
37490
37490
37490
37490
37490
37490
37306
37306
37306
37248
37224
37224
37224
37224
37224
37182
37182
37182
37150
37150
37150
37150
37150
37150
37150
37150
37150
37150
37138
37138
37138
34458
2.92278