41500
41510
41510
41412
41166
41122
40996
41100
40464
40464
40464
40464
40464
40264
40264
40238
40264
40264
40474
40464
40446
40446
40308
40308
40190
40190
40222
39938
39938
39938
39938
39938
39938
39938
39938
39836
39836
40042
40042
40098
40098
39682
40098
40012
39748
39748
39848
39848
39848
39848
40030
39754
39532
39532
39532
39532
39532
39532
39532
39532
39532
39532
39532
39532
39532
39532
39532
39532
39532
39532
39532
39448
39448
39448
39448
39676
39676
39676
39676
39676
39676
39676
39658
39676
39676
39676
39676
39676
39676
39676
39676
39676
39676
39676
39676
39676
39774
39730
39730
39588
34458
0.44979