41488
40848
40032
39694
39838
39680
39640
39642
39652
39570
39174
39268
39232
39074
39282
39164
39064
38960
39276
39170
39066
39056
39054
38564
38868
39028
39100
39196
39218
39066
38928
39024
39056
38952
39076
38724
38858
38946
38904
38986
38944
39088
39092
39164
39124
39042
39164
39278
39020
38880
38758
38998
38888
39170
39072
39218
39250
38710
38494
38808
38966
39110
39204
38976
38750
38686
38898
38970
39186
39192
39062
38856
38648
38962
39092
39184
39066
39040
39034
38894
39202
39270
39230
39234
39160
39112
39256
39280
39296
39182
39142
38824
39106
39004
39216
39166
39222
39204
39144
39048
34458
31.0984