57464
57380
57032
57182
56762
56810
56744
56472
56314
56314
56206
56206
56560
56056
56056
56056
56056
55908
55908
55892
55892
55890
55998
55968
55896
55870
55968
55968
56230
55864
55764
55764
55580
55544
55292
55764
55604
55604
55456
55456
55310
55310
55310
55310
55006
55310
55310
55032
55032
55242
55138
55086
55052
55052
55004
55030
55030
55030
55030
54938
54770
54770
54790
54852
54348
54300
54300
54300
54256
54300
54300
54300
54300
54148
54148
54148
54576
54656
54716
54716
54716
54716
54716
54600
54600
54600
54600
54600
54412
54598
54598
54598
54436
54502
54424
54424
54424
54424
54424
54328
48498
3.64838