57564
56906
56314
56234
55966
55908
55624
55668
55624
55892
55814
55910
55814
55602
55534
55602
55452
55456
55298
55456
55500
55316
55264
55058
55058
54976
54794
54674
54592
54668
54592
54692
54592
54344
54306
54148
54202
54186
54154
54238
54190
54026
54026
54020
53990
53990
53990
53990
53998
53990
54012
53990
54012
53990
53918
53734
53734
53734
53734
53734
53634
53634
53598
53584
53570
53632
53582
53734
53582
53734
53506
53652
53652
53652
53652
53640
53516
53360
53354
53394
53578
53446
53594
53446
53490
53446
53490
53336
53196
53308
53196
53308
53460
53308
53396
53308
53396
53396
53396
53308
48498
41.2932