57182
56640
56438
55778
55772
55604
55246
55228
55078
54786
54624
54624
54562
54448
54448
54028
54028
54028
54012
54012
54012
54012
53928
53928
53928
53744
53744
53744
53744
53744
53574
53574
53506
53506
53506
53506
53506
53506
53494
53494
53494
53494
53494
53494
53494
53454
53454
53454
53454
53360
53266
53266
53266
53266
53266
53266
53266
53194
53194
53194
53194
53194
53194
53186
53186
53186
53102
53102
53102
53102
52860
52860
52860
52860
52860
52860
52860
52860
52860
52860
52860
52860
52860
52860
52860
52860
52860
52860
52860
52860
52860
52860
52860
52860
52860
52860
52860
52860
52860
52860
48498
22.0343