57540
57108
56972
56764
56260
56180
56016
55416
55416
55156
55156
55066
55066
54962
54804
54786
54246
54222
54222
54222
54222
53858
53858
53858
53858
53714
53714
53714
53714
53534
53534
53396
53396
53396
53164
53046
53000
52984
52984
52872
52830
52830
52830
52830
52800
52516
52516
52516
52516
52492
52492
52492
52492
52492
52492
52492
52396
52396
52246
52246
52246
52246
52246
52246
52162
52018
52018
52018
52018
52018
52018
52018
52018
52018
52018
52018
52018
52018
52018
52010
52010
52010
52010
52010
52010
52010
52010
52010
51910
51910
51910
51890
51890
51890
51890
51890
51890
51890
51890
51890
48498
3.76831