57486
57384
57384
57246
57122
57122
57122
57122
57122
57122
57122
57122
57122
57122
57122
57122
57122
57122
56800
56772
56736
56736
56736
56736
56736
56736
56736
56736
56736
56736
56580
56356
56356
56356
56356
56356
56356
56150
56064
56064
55900
55900
55900
55900
55900
55900
55900
55900
55900
55900
55900
55900
55900
55900
55900
55900
55900
55900
55900
55900
55900
55900
55900
55900
55900
55716
55716
55716
55716
55716
55716
55716
55716
55716
55716
55716
55716
55716
55716
55716
55716
55520
55520
55398
55398
55398
55398
55398
55398
55398
55398
55398
55398
55398
55398
55398
55398
55398
55398
55398
48498
50.3905