57464
55886
55466
54606
54606
54586
54586
54142
54002
54002
54002
54002
54002
53942
53848
53848
53848
53800
53800
53800
53560
53560
53560
53560
53560
53560
53560
53560
53560
53438
53438
53438
53438
53374
53374
53374
53374
53212
53212
53212
53094
53094
53012
53012
53012
53012
53012
53012
53012
53012
53012
53012
53012
53012
53012
53012
52962
52962
52962
52962
52962
52962
52962
52962
52962
52962
52962
52962
52962
52962
52962
52962
52962
52962
52962
52962
52962
52962
52962
52962
52962
52962
52962
52962
52962
52962
52962
52962
52962
52962
52962
52962
52962
52962
52902
52902
52902
52902
52902
52902
48498
2.31375