57474
57474
57384
57048
56498
56498
56498
56502
56502
56308
56308
56502
56180
56180
56456
56456
56342
56342
56342
56342
56342
56190
55858
55858
55858
55858
55858
55858
56092
55852
55852
55852
55852
55596
55596
55738
55738
55524
55524
55500
55500
55500
55500
55500
55500
55500
55500
55154
55154
55524
56016
55940
55992
55992
55898
55898
55898
55898
55786
55852
55666
55646
55646
55646
55646
55646
55886
55886
55886
55768
55768
55528
55528
55528
55442
55162
55528
55528
55430
55430
55528
55528
55366
55528
55264
55264
55528
55362
55362
55500
55486
55298
55298
55500
55500
55464
55500
55462
55462
55404
48498
0.567979