57464
56848
56242
55858
55672
55420
55150
55266
54810
54732
54846
54676
54780
54770
54766
54842
54794
54686
54558
54738
54680
54468
54336
54182
54398
54426
54454
54250
54266
54158
54352
54180
54306
53858
54024
54162
54130
54240
54342
54348
54000
54282
54584
54554
54460
54502
54218
54118
54486
53946
54162
54268
54436
54494
54332
54170
54100
54226
54150
54292
54438
54288
54458
54444
54230
54492
54512
54218
54292
54462
54526
54460
54516
54458
54218
54316
54064
54380
54520
54442
54316
54346
54342
54480
54698
54566
54302
54210
54276
54432
54388
54286
54202
54192
54084
54270
54340
54298
54330
54068
48498
39.9063