77644
77644
77632
77632
77632
77632
77318
77318
77280
77280
77280
77280
77280
77280
77280
77280
77040
77040
77040
77040
77040
77040
77040
77040
77040
77040
77040
76880
76880
76880
76880
76880
76880
76880
76880
76880
76880
76880
76880
76880
76880
76880
76880
76880
76526
76526
76526
76482
76482
76482
76482
76482
76482
76482
76482
76482
76482
76482
76482
76482
76482
76482
76482
76482
76482
76482
76482
76482
76482
76482
76482
76482
76482
76482
76482
76482
76482
76482
76482
76482
76482
76452
76158
76158
76158
76158
76158
76158
76158
76158
76158
76158
76158
76158
76158
76158
76158
76158
76158
76158
66256
52.7816