77524
77524
77404
77460
77636
77636
77914
77428
77428
77640
77278
76918
76918
76918
76914
76918
76918
76918
76462
76462
76462
76404
76404
76270
76404
76078
76046
75878
75878
76046
76046
76232
76232
76056
75916
75820
75740
75448
75448
75734
75734
75776
75776
75776
75776
75776
75776
75776
75776
75736
75776
75634
75352
75352
75352
75352
75352
75352
75352
75352
75352
75352
75352
75246
75372
75540
75540
75446
75446
75446
75506
75506
75506
75506
75634
75626
75634
75634
75634
75634
75648
75648
75638
75278
75278
75278
75278
75338
75586
75586
75412
75412
75412
75860
75778
75868
75652
75030
75030
75030
66256
0.898178