78010
77162
76656
76104
76076
75540
75540
75540
75256
75090
74590
74590
74590
74186
74078
74078
74078
74078
74078
74078
74078
74078
73940
73672
73672
73662
73662
73612
73464
73394
73270
72926
72862
72862
72634
72634
72634
72634
72634
72634
72416
72416
72416
72416
72416
72416
72416
72416
72404
72126
72126
72126
72126
72126
72126
72070
72070
72070
72070
72022
72022
71958
71958
71786
71786
71786
71786
71786
71786
71786
71786
71786
71786
71618
71442
71442
71442
71442
71442
71442
71430
71430
71430
71430
71430
71430
71430
71430
71430
71430
71264
71264
71264
71264
71264
71198
71182
71176
71176
71176
66256
4.71152