78010
78010
77908
77686
77494
77070
77070
77070
77070
77126
77126
77546
77490
77466
77512
77146
77146
77146
77348
76852
76332
76332
76884
76604
76864
76740
76834
76834
76442
76510
76648
76184
76184
76520
76402
76346
76396
76342
76260
76260
75966
75844
75844
75908
75880
75880
75880
75808
75808
75664
75664
75624
75582
75624
75614
75614
75616
75376
75376
75480
75454
75428
75520
75502
75560
75496
75548
75412
75412
75402
75402
75250
75172
75172
75172
75172
75158
75158
75158
75158
75158
74968
75166
75106
74682
75164
75154
75154
75044
75096
75096
75002
75002
74800
74800
74698
74698
74638
74682
74682
66256
4.62351