77524
76098
75318
75024
75024
74218
74190
74134
73840
73840
73840
73840
73840
73840
73840
73840
73840
73840
73840
73840
73840
73840
73840
73840
73840
73666
73666
73666
73640
73640
73322
73322
73322
73316
73316
73234
73234
73234
73234
73234
73234
73234
73234
73234
73234
73234
73234
73116
73116
73116
73116
73116
73116
73116
73116
73116
72770
72770
72770
72770
72732
72732
72732
72732
72732
72732
72732
72732
72732
72732
72732
72732
72732
72730
72730
72670
72670
72670
72670
72670
72670
72670
72670
72416
72416
72416
72416
72416
72416
72416
72416
72416
72416
72416
72416
72416
72416
72416
72416
72416
66256
3.01011