78472
77566
76546
76478
75842
75744
75306
74994
74976
74718
74354
74350
74278
74214
74198
74198
74034
74034
74002
74002
73874
73822
73814
73814
73814
73814
73350
73350
73350
73350
73350
73238
73238
73238
73238
73238
73238
73238
73238
73238
73238
73072
73072
73072
73072
73072
73072
73072
72990
72990
72990
72990
72990
72990
72746
72746
72746
72746
72746
72746
72746
72746
72746
72746
72746
72746
72746
72746
72738
72654
72592
72592
72592
72544
72544
72544
72544
72544
72544
72544
72544
72544
72544
72544
72544
72544
72544
72544
72544
72402
72402
72402
72402
72402
72314
72314
72314
72314
72314
72314
66256
28.471