77896
77292
76514
76728
76728
76728
76468
76158
75870
75756
75808
76154
75808
75808
75808
75644
75808
75464
75568
75626
75568
75128
75042
74828
74828
74948
75024
74948
74816
74804
74804
74804
74460
74460
74212
74028
73940
73956
73846
73956
73904
73804
74014
73804
73934
73804
73776
73776
73978
73776
73922
73776
74064
73776
73758
73780
73654
73642
73576
73566
73434
73238
72928
72928
72816
72816
72644
72868
72704
72820
72704
72746
72656
72920
72656
72702
72656
72924
72656
72656
72656
72728
72656
72702
72656
72600
72656
72848
72656
72652
72656
72856
72656
72748
72656
72726
72608
72732
72608
72640
66256
51.7814