106132
106132
105922
105922
105922
105922
105400
105400
105400
105400
105400
105400
105072
104974
104916
104916
104734
104734
104618
104618
104618
104618
104618
104618
104524
104392
104392
103844
103844
103844
103844
103844
103844
103844
103844
103844
103844
103844
103844
103844
103844
103844
103844
103844
103844
103844
103844
103844
103844
103844
103844
103844
103844
103844
103844
103844
103844
103642
103582
103162
103162
103162
103162
103162
103162
103162
103162
103110
103072
103072
103030
103030
103030
103030
103030
103030
103030
103030
103030
103030
103030
102710
102710
102424
102424
102424
102424
102424
102424
102332
102332
102332
102332
102332
102332
102332
102332
102332
102332
102332
90998
73.4718