106434
102664
101954
101954
101888
101862
101736
101474
101474
101474
101082
101082
101004
101004
101004
100578
100570
100570
100570
100570
100416
100416
100416
100416
100282
100282
100114
100114
100114
99954
99954
99954
99954
99954
99954
99954
99954
99954
99954
99954
99954
99944
99700
99632
99632
99632
99632
99632
99632
99632
99632
99632
99632
99632
99632
99632
99632
99632
99632
99586
99586
99586
99586
99586
99538
99538
99538
99538
99538
99538
99346
99346
99346
99346
99346
99346
99290
99290
99290
99290
99266
99266
99266
99266
99266
99266
99266
99102
99102
99102
99102
99102
99102
99102
99102
99102
99102
99102
99102
99102
90998
4.22129