106382
106122
105646
105420
105312
104828
104190
104222
103706
103408
103696
103696
103432
103722
103100
102720
102740
102562
102272
102272
101914
102006
101914
102012
102228
102012
101718
101324
101324
101366
101336
101366
101342
101340
101286
101266
101178
100880
100772
100860
100774
100634
100690
100598
100718
100534
100534
100534
100534
100554
100554
100554
100522
100166
100166
100294
99966
99966
99902
99902
99902
99842
99902
99774
99778
99774
99710
99710
99710
99842
99828
99826
99782
99952
99782
99794
99590
99666
99228
99144
99120
99068
99120
99120
99254
99120
99120
99096
99070
99138
99232
99138
99124
99116
99116
99554
99574
99554
99580
99428
90998
65.819