106382
106076
105354
104854
104458
104458
104294
104116
103302
102996
102948
102686
102128
101962
101704
101628
101628
101548
101548
101548
101268
101242
101228
101014
100930
100930
100930
100746
100604
100366
100366
99728
99534
99534
99442
99028
98876
98876
98876
98622
98580
98508
98508
98508
98438
98438
98438
98258
98258
98074
98074
98074
98074
98006
98006
97990
97990
97990
97990
97990
97932
97932
97932
97932
97932
97932
97932
97932
97932
97932
97932
97932
97930
97852
97578
97578
97534
97534
97534
97534
97494
97494
97492
97492
97492
97476
97476
97476
97476
97476
97476
97476
97476
97274
97238
97238
97238
97238
97238
97238
90998
6.21838