106382
106184
106254
106166
106096
105612
105612
106166
106166
106166
106668
106282
106292
106354
105580
105580
105650
105420
105476
105510
105680
105792
105756
105654
105654
105742
105334
105266
105108
104862
104794
104494
104310
104310
105034
104334
104408
104408
104524
103994
103994
103962
103962
104136
104074
104092
103224
103278
103380
103380
103334
103334
103230
103334
103240
103240
102746
102746
102718
102718
102398
102670
102544
102544
102544
102320
102320
102320
102320
102320
102320
102288
102246
102054
102320
102320
102320
102192
102320
102320
102320
102320
102236
102320
101866
101866
102442
102442
102374
102452
102452
102452
102452
102386
102210
102210
102342
102178
102178
101912
90998
6.04491