106268
105222
104610
104172
103842
103630
103234
102500
102500
102500
102280
101970
101954
101948
101948
101850
101610
101474
101474
101474
101466
101326
101080
101080
101074
101074
100894
100894
100508
100508
100508
100508
100508
100338
100338
100338
100276
100276
100276
100018
100018
100018
100018
100018
100018
99760
99736
99736
99736
99736
99736
99736
99694
99694
99694
99694
99324
99324
99324
99324
99324
99324
99324
99324
99324
99324
99324
99324
99324
99324
99324
99324
99270
99270
99270
99270
99270
99212
99212
99174
99114
99114
99114
98698
98698
98698
98698
98698
98698
98698
98698
98698
98698
98698
98698
98698
98698
98698
98698
98598
90998
35.0557