106434
105496
105306
105938
106106
106106
106106
106024
105976
105342
104848
104794
105342
105342
105326
105104
105036
105036
105036
105084
104670
104272
104272
104272
104244
104244
104244
104180
103934
103808
103808
103646
103232
103232
103232
103156
103156
103156
103156
103232
103232
103232
103540
103540
103402
103402
103540
103254
103254
103254
103254
103254
103254
103254
103076
103076
103076
103214
103006
103102
103102
103254
103254
103182
103100
102892
102770
102770
102892
103072
102552
103072
103072
103072
102726
103100
103100
103046
103046
103046
102818
102818
102818
102584
102818
102362
102362
102362
102362
102362
102362
102318
102318
102318
102318
102318
102652
102652
102652
102652
90998
1.27528