18110
17258
16218
16218
15624
15148
15132
15132
15132
15068
14944
14694
14642
14642
14442
14022
13950
13828
13828
13738
13698
13522
13328
13262
13262
13082
13028
13028
12742
12484
12386
12386
12386
12226
12226
12226
12226
12226
12226
12226
12226
11978
11928
11928
11928
11928
11928
11928
11928
11846
11846
11846
11846
11846
11742
11742
11742
11742
11742
11742
11742
11510
11510
11510
11510
11510
11510
11510
11510
11510
11510
11510
11510
11510
11510
11510
11510
11422
11422
11422
11422
11422
11422
11422
11422
11422
11422
11422
11422
11422
11422
11422
11422
11422
11422
11422
11364
11364
11364
11364
9526
1.52696