18994
17228
16296
16296
15646
15628
15482
15280
15020
14716
14716
14716
14522
14522
14522
13602
13602
13602
13602
13602
13602
13602
13602
13602
13602
13602
13508
13480
13470
13456
13456
13344
13344
13318
13024
13024
13024
13024
13024
12982
12940
12634
12634
12634
12634
12634
12634
12634
12634
12634
12634
12634
12634
12634
12634
12634
12634
12634
12634
12292
12292
12292
12264
12264
12264
12264
12264
12264
12264
12264
12264
12264
12264
12264
12264
12264
12264
12264
12264
12264
12264
12264
12264
12264
12264
12264
12264
12264
12264
12264
12264
12264
12264
12264
12264
12264
12264
12264
12264
12146
9526
8.20162