18700
18076
17796
17816
17796
17816
17796
17816
17440
17440
17440
17440
17440
17440
15740
16000
15740
16000
15740
16000
15740
16000
15632
15632
15632
15632
15632
15632
15632
15310
15268
15310
15268
15310
15268
15310
14864
14864
14864
14864
14864
14864
14864
14764
14940
14864
14764
14940
14864
14764
14640
14732
14640
14732
14640
14732
14640
14622
14576
14576
14576
14576
14576
14576
13308
13308
13308
13308
13308
13308
13308
13164
13642
13164
13416
13164
13308
13164
13116
13164
13116
13164
13116
13164
13116
13164
13344
13164
13344
13164
13344
13164
13344
13430
13344
13430
13344
13430
13344
13430
9526
14.2152