18136
15794
15248
14934
14600
14344
14344
14292
14014
13666
13666
13002
13002
13002
13002
13002
13002
13002
13002
12950
12950
12950
12950
12950
12950
12950
12950
12950
12950
12950
12950
12950
12500
12500
12500
12500
12500
12500
12500
12500
12500
12500
12500
12500
12500
12500
12500
12500
12500
12500
12500
12500
12500
12500
12500
12500
12500
12500
12500
12466
12466
12466
12466
12466
12466
12466
12466
12466
12466
12466
12466
12466
12466
12466
12466
12466
12466
12466
12466
12466
12466
12466
12466
12466
12466
12466
12466
12466
12466
12466
12466
12466
12466
12466
12466
12466
12466
12466
12466
12466
9526
0.827866