18136
17096
16324
16238
15630
15310
14614
14606
14754
14750
14864
14638
14598
14476
14572
14710
14468
14548
14866
14566
14768
14862
14930
13978
14648
14922
14808
14342
14550
14588
14662
14822
14788
14184
14418
14604
15006
14744
14678
14144
14062
14158
14288
14248
13664
14240
14366
14300
14386
13900
14310
14274
14390
13930
14308
14112
14330
14640
14002
14812
14148
14448
14540
14222
14666
14442
14550
14120
14298
13748
14084
14420
14234
13596
14424
13956
13974
13826
13596
13200
14418
14354
14444
14534
14494
14202
13478
14208
14580
14618
14344
13854
14266
13800
14268
14514
14224
14754
14268
14134
9526
13.6386