18452
18318
17458
17458
17458
17458
16894
16894
16894
16894
16986
16986
16986
16986
16986
18036
17788
17788
17496
17496
17496
17496
17496
17204
17178
17692
16864
16864
16864
16472
16472
16472
16472
16992
16958
16390
16390
16352
16116
16116
16116
16116
16116
16116
15946
15946
15730
15946
15946
15946
15946
15946
15946
15946
15946
15946
15946
15946
15946
16298
16298
16298
16298
16298
16298
16298
15372
15372
15802
15802
15802
15802
15802
16298
16246
16246
16246
16182
16298
16298
16132
16132
16132
16132
15600
15600
15600
16108
16108
16108
16108
16442
16510
15954
16096
15604
16096
16440
16440
16440
9526
0.217416