18378
18304
18304
18304
18304
18304
18304
17692
17692
17692
17692
17692
17692
17692
17692
17692
17692
17692
17692
17692
17692
17692
17692
17692
17692
17692
17692
17050
17050
17050
17050
17050
17050
16946
16946
16946
16946
16946
16946
16946
16946
16946
16946
16946
16946
16946
16946
16946
16946
16946
16946
16946
16946
16946
16946
16946
16946
16946
16946
16946
16946
16946
16946
16946
16946
16946
16946
16946
16946
16946
16946
16946
16946
16946
16946
16298
16298
16298
16298
16298
16298
16298
16298
16298
16298
16298
16298
16298
16298
16298
16298
16298
16298
16298
16298
16298
16298
16298
16298
16298
9526
23.3904