17412
17152
17152
18560
18560
18872
18872
18424
18424
17862
17960
17960
16870
16870
16870
16870
17576
16986
16986
16828
17190
17190
16888
17250
17122
17122
17032
16786
16730
16706
16118
16006
16006
16452
16028
16190
16178
16178
16178
16178
16178
16788
16642
16642
16642
16808
16616
16914
15980
16542
16390
16614
16614
16614
16590
16614
16634
16352
16670
16556
15738
15482
16526
16424
16424
16460
16460
15932
15932
15830
16506
16506
16306
16306
16370
16498
16322
16370
16370
16024
16024
16024
15842
16140
16368
16382
16382
15944
16382
16382
16318
16382
16380
16280
16134
16134
16134
16284
15716
16284
9526
1.76076