2.83733e+06
2.83733e+06
2.83733e+06
2.83733e+06
2.82081e+06
2.82081e+06
2.82081e+06
2.76986e+06
2.76986e+06
2.76986e+06
2.76986e+06
2.76986e+06
2.76986e+06
2.76986e+06
2.76986e+06
2.76986e+06
2.76986e+06
2.76986e+06
2.76986e+06
2.76986e+06
2.76986e+06
2.76986e+06
2.76986e+06
2.76986e+06
2.76986e+06
2.76986e+06
2.76986e+06
2.76986e+06
2.76986e+06
2.76986e+06
2.76986e+06
2.76986e+06
2.76986e+06
2.76986e+06
2.76986e+06
2.76986e+06
2.76986e+06
2.76986e+06
2.76986e+06
2.76986e+06
2.76986e+06
2.76986e+06
2.76986e+06
2.76986e+06
2.76986e+06
2.76986e+06
2.76986e+06
2.76986e+06
2.76986e+06
2.76986e+06
2.76986e+06
2.76986e+06
2.76986e+06
2.76986e+06
2.76986e+06
2.76986e+06
2.76986e+06
2.76986e+06
2.76986e+06
2.76986e+06
2.76986e+06
2.76986e+06
2.76986e+06
2.76986e+06
2.76986e+06
2.76986e+06
2.76986e+06
2.76986e+06
2.76986e+06
2.76986e+06
2.76986e+06
2.76986e+06
2.76986e+06
2.76986e+06
2.76986e+06
2.76986e+06
2.76986e+06
2.76986e+06
2.76986e+06
2.76986e+06
2.76986e+06
2.76986e+06
2.76986e+06
2.76986e+06
2.76986e+06
2.76986e+06
2.76986e+06
2.76986e+06
2.76986e+06
2.76986e+06
2.76986e+06
2.76986e+06
2.76986e+06
2.76986e+06
2.76986e+06
2.76986e+06
2.76986e+06
2.76986e+06
2.76986e+06
2.76986e+06
2.422e+06
18.0999