2.83467e+06
2.76662e+06
2.79275e+06
2.78607e+06
2.76662e+06
2.79275e+06
2.78607e+06
2.79036e+06
2.78607e+06
2.79036e+06
2.78607e+06
2.79036e+06
2.78607e+06
2.77323e+06
2.76971e+06
2.76848e+06
2.76403e+06
2.77092e+06
2.77011e+06
2.77092e+06
2.77043e+06
2.76786e+06
2.76786e+06
2.76786e+06
2.76786e+06
2.76786e+06
2.76786e+06
2.76786e+06
2.73774e+06
2.73943e+06
2.75078e+06
2.73943e+06
2.75078e+06
2.73943e+06
2.75078e+06
2.73943e+06
2.71798e+06
2.71798e+06
2.71798e+06
2.71798e+06
2.71798e+06
2.71798e+06
2.71798e+06
2.72029e+06
2.70605e+06
2.69877e+06
2.72133e+06
2.69877e+06
2.72133e+06
2.69877e+06
2.68843e+06
2.69072e+06
2.68801e+06
2.69072e+06
2.68801e+06
2.69072e+06
2.68801e+06
2.69072e+06
2.68526e+06
2.68018e+06
2.68526e+06
2.68018e+06
2.68526e+06
2.68018e+06
2.68526e+06
2.68121e+06
2.68293e+06
2.68124e+06
2.68526e+06
2.68121e+06
2.68293e+06
2.68124e+06
2.71145e+06
2.69807e+06
2.69823e+06
2.68805e+06
2.70785e+06
2.69807e+06
2.68805e+06
2.69807e+06
2.68755e+06
2.68755e+06
2.68755e+06
2.68755e+06
2.68755e+06
2.68755e+06
2.68755e+06
2.65709e+06
2.65709e+06
2.65709e+06
2.65709e+06
2.65709e+06
2.65709e+06
2.65709e+06
2.67598e+06
2.66645e+06
2.67598e+06
2.66645e+06
2.67598e+06
2.66645e+06
2.422e+06
13.6835