2.86541e+06
2.81019e+06
2.77041e+06
2.76006e+06
2.74397e+06
2.74885e+06
2.74761e+06
2.74469e+06
2.74135e+06
2.73518e+06
2.72283e+06
2.74e+06
2.74266e+06
2.742e+06
2.72331e+06
2.72803e+06
2.71623e+06
2.73398e+06
2.72758e+06
2.73791e+06
2.76047e+06
2.74339e+06
2.74502e+06
2.73933e+06
2.72107e+06
2.74884e+06
2.73449e+06
2.73112e+06
2.7436e+06
2.71772e+06
2.74269e+06
2.717e+06
2.73707e+06
2.73298e+06
2.7423e+06
2.75208e+06
2.7286e+06
2.73287e+06
2.71006e+06
2.73288e+06
2.72233e+06
2.72508e+06
2.71735e+06
2.72061e+06
2.74274e+06
2.74465e+06
2.73852e+06
2.74515e+06
2.75282e+06
2.74013e+06
2.73146e+06
2.72696e+06
2.74158e+06
2.72881e+06
2.73722e+06
2.70552e+06
2.73192e+06
2.7245e+06
2.72717e+06
2.74012e+06
2.74149e+06
2.67977e+06
2.69992e+06
2.72723e+06
2.71144e+06
2.74085e+06
2.73504e+06
2.71385e+06
2.73726e+06
2.73671e+06
2.73727e+06
2.73648e+06
2.71557e+06
2.71065e+06
2.71478e+06
2.72673e+06
2.70356e+06
2.74792e+06
2.72254e+06
2.73326e+06
2.72962e+06
2.72148e+06
2.71203e+06
2.73819e+06
2.7535e+06
2.69124e+06
2.72373e+06
2.74095e+06
2.75512e+06
2.74016e+06
2.73708e+06
2.70929e+06
2.73744e+06
2.73174e+06
2.73861e+06
2.7267e+06
2.72131e+06
2.73217e+06
2.74392e+06
2.73378e+06
2.422e+06
12.9466