2.83327e+06
2.83567e+06
2.83864e+06
2.83599e+06
2.83599e+06
2.83591e+06
2.82964e+06
2.81903e+06
2.8152e+06
2.8152e+06
2.8152e+06
2.79558e+06
2.78498e+06
2.7931e+06
2.77225e+06
2.79215e+06
2.79215e+06
2.78716e+06
2.77797e+06
2.77797e+06
2.77797e+06
2.77797e+06
2.78966e+06
2.78731e+06
2.78731e+06
2.78296e+06
2.78068e+06
2.78048e+06
2.78048e+06
2.77176e+06
2.76668e+06
2.75891e+06
2.75891e+06
2.75891e+06
2.75891e+06
2.75693e+06
2.73558e+06
2.73558e+06
2.73558e+06
2.73558e+06
2.7324e+06
2.73428e+06
2.72434e+06
2.73558e+06
2.73558e+06
2.7593e+06
2.7593e+06
2.7593e+06
2.76477e+06
2.76477e+06
2.76027e+06
2.7314e+06
2.7314e+06
2.7314e+06
2.7314e+06
2.7314e+06
2.7314e+06
2.7314e+06
2.7314e+06
2.7314e+06
2.7314e+06
2.71702e+06
2.7314e+06
2.7314e+06
2.7314e+06
2.7314e+06
2.7314e+06
2.73125e+06
2.74848e+06
2.72161e+06
2.72161e+06
2.72161e+06
2.74506e+06
2.73866e+06
2.73866e+06
2.74726e+06
2.74848e+06
2.71954e+06
2.71954e+06
2.744e+06
2.74571e+06
2.74557e+06
2.72026e+06
2.72026e+06
2.72026e+06
2.72026e+06
2.72026e+06
2.72026e+06
2.72026e+06
2.72026e+06
2.70873e+06
2.70811e+06
2.70811e+06
2.70811e+06
2.70811e+06
2.72026e+06
2.72026e+06
2.72026e+06
2.72026e+06
2.72026e+06
2.422e+06
1.66879