2.84551e+06
2.77721e+06
2.77629e+06
2.72532e+06
2.72532e+06
2.72532e+06
2.71889e+06
2.71575e+06
2.70441e+06
2.70088e+06
2.70088e+06
2.70088e+06
2.70088e+06
2.6869e+06
2.6869e+06
2.6869e+06
2.6869e+06
2.6869e+06
2.6869e+06
2.6869e+06
2.6869e+06
2.6869e+06
2.6869e+06
2.6869e+06
2.6869e+06
2.6869e+06
2.6869e+06
2.6869e+06
2.6869e+06
2.6869e+06
2.6869e+06
2.6869e+06
2.6869e+06
2.6869e+06
2.6869e+06
2.6869e+06
2.6869e+06
2.6869e+06
2.6869e+06
2.6869e+06
2.6869e+06
2.6806e+06
2.6806e+06
2.6806e+06
2.6806e+06
2.6806e+06
2.67769e+06
2.67213e+06
2.65745e+06
2.65745e+06
2.65745e+06
2.65745e+06
2.65745e+06
2.65745e+06
2.65745e+06
2.65745e+06
2.65745e+06
2.65745e+06
2.65745e+06
2.65745e+06
2.65745e+06
2.65745e+06
2.65745e+06
2.65745e+06
2.65745e+06
2.65745e+06
2.65745e+06
2.65745e+06
2.65745e+06
2.65745e+06
2.65745e+06
2.65745e+06
2.65745e+06
2.65745e+06
2.65745e+06
2.65745e+06
2.65745e+06
2.65745e+06
2.64832e+06
2.64832e+06
2.64832e+06
2.64832e+06
2.64832e+06
2.64832e+06
2.64832e+06
2.64832e+06
2.64832e+06
2.64832e+06
2.64832e+06
2.64832e+06
2.64832e+06
2.64832e+06
2.64832e+06
2.64832e+06
2.64808e+06
2.64808e+06
2.64808e+06
2.64808e+06
2.64808e+06
2.64808e+06
2.422e+06
7.73815