2.81109e+06
2.81109e+06
2.83459e+06
2.83749e+06
2.80781e+06
2.80781e+06
2.82643e+06
2.81927e+06
2.81269e+06
2.81269e+06
2.80351e+06
2.80351e+06
2.79372e+06
2.79372e+06
2.79372e+06
2.80351e+06
2.80351e+06
2.80351e+06
2.79769e+06
2.75294e+06
2.77229e+06
2.76781e+06
2.80148e+06
2.80148e+06
2.79467e+06
2.78463e+06
2.78463e+06
2.78463e+06
2.78463e+06
2.78463e+06
2.78463e+06
2.78463e+06
2.78463e+06
2.78463e+06
2.78463e+06
2.75284e+06
2.75284e+06
2.75284e+06
2.75284e+06
2.75284e+06
2.75284e+06
2.78404e+06
2.78404e+06
2.78404e+06
2.78404e+06
2.78404e+06
2.78404e+06
2.78404e+06
2.78404e+06
2.78404e+06
2.78404e+06
2.78404e+06
2.77895e+06
2.77895e+06
2.77895e+06
2.77895e+06
2.74193e+06
2.74193e+06
2.74193e+06
2.74193e+06
2.74193e+06
2.74193e+06
2.74193e+06
2.74193e+06
2.74193e+06
2.74193e+06
2.75395e+06
2.75452e+06
2.75452e+06
2.75452e+06
2.74833e+06
2.74833e+06
2.76056e+06
2.76056e+06
2.76056e+06
2.76056e+06
2.76056e+06
2.76056e+06
2.76056e+06
2.75574e+06
2.76056e+06
2.75436e+06
2.75683e+06
2.75322e+06
2.75322e+06
2.74629e+06
2.75322e+06
2.75322e+06
2.75322e+06
2.75322e+06
2.75051e+06
2.75051e+06
2.75051e+06
2.76056e+06
2.75612e+06
2.74874e+06
2.74874e+06
2.76056e+06
2.73368e+06
2.75022e+06
2.422e+06
0.222991