2.83198e+06
2.79405e+06
2.75146e+06
2.73969e+06
2.73969e+06
2.72921e+06
2.72921e+06
2.72605e+06
2.72605e+06
2.70444e+06
2.70444e+06
2.70444e+06
2.70444e+06
2.70444e+06
2.677e+06
2.677e+06
2.677e+06
2.677e+06
2.677e+06
2.677e+06
2.677e+06
2.677e+06
2.6678e+06
2.6678e+06
2.6678e+06
2.6678e+06
2.6678e+06
2.6678e+06
2.6678e+06
2.6678e+06
2.6678e+06
2.6678e+06
2.6678e+06
2.6678e+06
2.6678e+06
2.6678e+06
2.6678e+06
2.6678e+06
2.6678e+06
2.6678e+06
2.6678e+06
2.6678e+06
2.6678e+06
2.6678e+06
2.6678e+06
2.6678e+06
2.6678e+06
2.6678e+06
2.6678e+06
2.6678e+06
2.6678e+06
2.6678e+06
2.6678e+06
2.6678e+06
2.6678e+06
2.6678e+06
2.6678e+06
2.6678e+06
2.6678e+06
2.6678e+06
2.6678e+06
2.6678e+06
2.6678e+06
2.6678e+06
2.6678e+06
2.6678e+06
2.6678e+06
2.6678e+06
2.6678e+06
2.6678e+06
2.6678e+06
2.6678e+06
2.6678e+06
2.6678e+06
2.6678e+06
2.6678e+06
2.6678e+06
2.6678e+06
2.6678e+06
2.6678e+06
2.6678e+06
2.6678e+06
2.6678e+06
2.6678e+06
2.6678e+06
2.6678e+06
2.6678e+06
2.6678e+06
2.6678e+06
2.6678e+06
2.6678e+06
2.6678e+06
2.6678e+06
2.6678e+06
2.6678e+06
2.6678e+06
2.6678e+06
2.6678e+06
2.6678e+06
2.6678e+06
2.422e+06
0.918774