2.84249e+06
2.79261e+06
2.79261e+06
2.77435e+06
2.75198e+06
2.74426e+06
2.71537e+06
2.71271e+06
2.71271e+06
2.70381e+06
2.70381e+06
2.69993e+06
2.6939e+06
2.68459e+06
2.68459e+06
2.68459e+06
2.68459e+06
2.67319e+06
2.67095e+06
2.65971e+06
2.6534e+06
2.6534e+06
2.64993e+06
2.64223e+06
2.64223e+06
2.64223e+06
2.64223e+06
2.64223e+06
2.64223e+06
2.64223e+06
2.64223e+06
2.63497e+06
2.63456e+06
2.63184e+06
2.63184e+06
2.63184e+06
2.63184e+06
2.63184e+06
2.63184e+06
2.63184e+06
2.63184e+06
2.63184e+06
2.63184e+06
2.63184e+06
2.63184e+06
2.63184e+06
2.63184e+06
2.6271e+06
2.6253e+06
2.62318e+06
2.62318e+06
2.62318e+06
2.61473e+06
2.61473e+06
2.61473e+06
2.61473e+06
2.61473e+06
2.61473e+06
2.61473e+06
2.61473e+06
2.61473e+06
2.60778e+06
2.60778e+06
2.60778e+06
2.60778e+06
2.60277e+06
2.60277e+06
2.60277e+06
2.60277e+06
2.60277e+06
2.60277e+06
2.60277e+06
2.60277e+06
2.60277e+06
2.60242e+06
2.60242e+06
2.60242e+06
2.5894e+06
2.5894e+06
2.58382e+06
2.58382e+06
2.58382e+06
2.58382e+06
2.58382e+06
2.58382e+06
2.58382e+06
2.58382e+06
2.58382e+06
2.58382e+06
2.58382e+06
2.58382e+06
2.58382e+06
2.58382e+06
2.56173e+06
2.56173e+06
2.56173e+06
2.56173e+06
2.56173e+06
2.56173e+06
2.56173e+06
2.422e+06
1.51001