5.76057e+06
5.7091e+06
5.70667e+06
5.68587e+06
5.68587e+06
5.68587e+06
5.68587e+06
5.6556e+06
5.6556e+06
5.6556e+06
5.6556e+06
5.62414e+06
5.62414e+06
5.59113e+06
5.59113e+06
5.59113e+06
5.59304e+06
5.57984e+06
5.58821e+06
5.58821e+06
5.58712e+06
5.59367e+06
5.61507e+06
5.59067e+06
5.59067e+06
5.58538e+06
5.58538e+06
5.57418e+06
5.57418e+06
5.57418e+06
5.57418e+06
5.59067e+06
5.56385e+06
5.56127e+06
5.49331e+06
5.56127e+06
5.56127e+06
5.56385e+06
5.56572e+06
5.59498e+06
5.59498e+06
5.59498e+06
5.54522e+06
5.54522e+06
5.54522e+06
5.54522e+06
5.54522e+06
5.54522e+06
5.54522e+06
5.54522e+06
5.53107e+06
5.53107e+06
5.53107e+06
5.53107e+06
5.52496e+06
5.58571e+06
5.56472e+06
5.58063e+06
5.58063e+06
5.58063e+06
5.58063e+06
5.58063e+06
5.58057e+06
5.58057e+06
5.57134e+06
5.57134e+06
5.55729e+06
5.55729e+06
5.55551e+06
5.55729e+06
5.55521e+06
5.55521e+06
5.54991e+06
5.55521e+06
5.5355e+06
5.5355e+06
5.5355e+06
5.53805e+06
5.53805e+06
5.57133e+06
5.57133e+06
5.57133e+06
5.55256e+06
5.55256e+06
5.55256e+06
5.55473e+06
5.55473e+06
5.56505e+06
5.56505e+06
5.56505e+06
5.56505e+06
5.56505e+06
5.5233e+06
5.55705e+06
5.55705e+06
5.55705e+06
5.55705e+06
5.56302e+06
5.56302e+06
5.56302e+06
5.42667e+06
0.145262