5.7908e+06
5.62315e+06
5.57395e+06
5.55648e+06
5.5342e+06
5.5342e+06
5.52784e+06
5.51665e+06
5.51216e+06
5.51216e+06
5.51216e+06
5.48663e+06
5.48663e+06
5.48663e+06
5.48663e+06
5.48663e+06
5.48663e+06
5.48663e+06
5.47105e+06
5.47105e+06
5.47105e+06
5.47105e+06
5.47105e+06
5.47105e+06
5.47105e+06
5.47105e+06
5.47105e+06
5.47105e+06
5.46765e+06
5.46765e+06
5.46765e+06
5.46765e+06
5.46765e+06
5.46765e+06
5.46765e+06
5.46765e+06
5.46765e+06
5.46765e+06
5.46765e+06
5.46765e+06
5.46765e+06
5.46765e+06
5.46765e+06
5.46765e+06
5.46765e+06
5.46765e+06
5.46765e+06
5.46765e+06
5.46765e+06
5.46765e+06
5.46765e+06
5.46765e+06
5.46765e+06
5.46765e+06
5.46765e+06
5.46765e+06
5.46765e+06
5.46591e+06
5.46591e+06
5.45766e+06
5.45766e+06
5.45766e+06
5.45766e+06
5.45766e+06
5.45766e+06
5.45766e+06
5.45766e+06
5.45766e+06
5.45766e+06
5.45766e+06
5.45766e+06
5.45766e+06
5.45766e+06
5.45766e+06
5.45766e+06
5.45766e+06
5.45766e+06
5.45766e+06
5.45766e+06
5.45766e+06
5.45766e+06
5.45766e+06
5.45766e+06
5.45766e+06
5.45766e+06
5.45766e+06
5.45766e+06
5.45766e+06
5.45766e+06
5.45766e+06
5.45766e+06
5.45766e+06
5.45766e+06
5.45766e+06
5.45766e+06
5.45766e+06
5.45766e+06
5.45766e+06
5.45766e+06
5.45766e+06
5.42667e+06
4.88657