5.60434e+06
5.60434e+06
5.60434e+06
5.67945e+06
5.67945e+06
5.66153e+06
5.6244e+06
5.6244e+06
5.6244e+06
5.6244e+06
5.6244e+06
5.6244e+06
5.6244e+06
5.6244e+06
5.63556e+06
5.65394e+06
5.65109e+06
5.63391e+06
5.63391e+06
5.63391e+06
5.60986e+06
5.60986e+06
5.57187e+06
5.57187e+06
5.60986e+06
5.62017e+06
5.61147e+06
5.61139e+06
5.54849e+06
5.54849e+06
5.54849e+06
5.54643e+06
5.54849e+06
5.54849e+06
5.54849e+06
5.54849e+06
5.54849e+06
5.54849e+06
5.54849e+06
5.54849e+06
5.54849e+06
5.52698e+06
5.58761e+06
5.53684e+06
5.53684e+06
5.53684e+06
5.53576e+06
5.53576e+06
5.55474e+06
5.56896e+06
5.56896e+06
5.57058e+06
5.56388e+06
5.56388e+06
5.56172e+06
5.56388e+06
5.56388e+06
5.567e+06
5.56331e+06
5.56036e+06
5.56331e+06
5.56331e+06
5.55883e+06
5.55069e+06
5.54941e+06
5.55069e+06
5.55069e+06
5.55679e+06
5.56653e+06
5.567e+06
5.54979e+06
5.54979e+06
5.54979e+06
5.57081e+06
5.57081e+06
5.55954e+06
5.56903e+06
5.56903e+06
5.527e+06
5.56981e+06
5.54672e+06
5.54672e+06
5.56981e+06
5.56981e+06
5.56869e+06
5.56869e+06
5.56869e+06
5.56866e+06
5.56866e+06
5.56599e+06
5.55763e+06
5.55763e+06
5.53033e+06
5.5599e+06
5.5599e+06
5.55892e+06
5.55892e+06
5.55381e+06
5.55381e+06
5.55381e+06
5.42667e+06
1.228