5.68539e+06
5.66663e+06
5.66663e+06
5.66663e+06
5.66663e+06
5.66663e+06
5.66663e+06
5.66663e+06
5.66663e+06
5.66663e+06
5.66663e+06
5.66663e+06
5.66663e+06
5.61878e+06
5.61878e+06
5.61878e+06
5.61878e+06
5.61878e+06
5.61878e+06
5.61878e+06
5.61878e+06
5.61878e+06
5.61878e+06
5.61878e+06
5.61878e+06
5.61878e+06
5.61878e+06
5.61878e+06
5.61878e+06
5.61878e+06
5.61878e+06
5.61878e+06
5.61878e+06
5.61878e+06
5.61878e+06
5.61878e+06
5.61878e+06
5.61878e+06
5.5974e+06
5.58269e+06
5.58269e+06
5.58269e+06
5.58269e+06
5.58269e+06
5.58269e+06
5.58269e+06
5.58269e+06
5.58269e+06
5.58269e+06
5.58269e+06
5.58269e+06
5.58269e+06
5.58269e+06
5.58269e+06
5.58269e+06
5.58269e+06
5.58269e+06
5.58269e+06
5.58269e+06
5.58269e+06
5.58269e+06
5.58269e+06
5.58269e+06
5.58269e+06
5.58269e+06
5.58269e+06
5.58269e+06
5.58269e+06
5.58269e+06
5.58269e+06
5.58269e+06
5.58269e+06
5.58269e+06
5.58269e+06
5.58269e+06
5.58269e+06
5.58269e+06
5.58269e+06
5.58269e+06
5.58269e+06
5.58269e+06
5.58269e+06
5.58269e+06
5.58269e+06
5.58269e+06
5.58269e+06
5.58269e+06
5.58269e+06
5.58269e+06
5.58269e+06
5.58269e+06
5.5727e+06
5.5727e+06
5.57229e+06
5.57229e+06
5.57229e+06
5.57229e+06
5.57229e+06
5.57229e+06
5.57229e+06
5.42667e+06
17.3816