5.63989e+06
5.63102e+06
5.60266e+06
5.59997e+06
5.58781e+06
5.53228e+06
5.50651e+06
5.49701e+06
5.49701e+06
5.49617e+06
5.49617e+06
5.49617e+06
5.47704e+06
5.47655e+06
5.47655e+06
5.47655e+06
5.47655e+06
5.47554e+06
5.47554e+06
5.47554e+06
5.47554e+06
5.47554e+06
5.47554e+06
5.47554e+06
5.47554e+06
5.47554e+06
5.47554e+06
5.47535e+06
5.47483e+06
5.47483e+06
5.47363e+06
5.47363e+06
5.46867e+06
5.46425e+06
5.46425e+06
5.46425e+06
5.46425e+06
5.45623e+06
5.45129e+06
5.45129e+06
5.45129e+06
5.45129e+06
5.45129e+06
5.45129e+06
5.45129e+06
5.45129e+06
5.45129e+06
5.45129e+06
5.45129e+06
5.45129e+06
5.45129e+06
5.45129e+06
5.45129e+06
5.45065e+06
5.45065e+06
5.45065e+06
5.45065e+06
5.45065e+06
5.45065e+06
5.45065e+06
5.45065e+06
5.45065e+06
5.45065e+06
5.45065e+06
5.45065e+06
5.45065e+06
5.44604e+06
5.4435e+06
5.4435e+06
5.4435e+06
5.4435e+06
5.4435e+06
5.4435e+06
5.4435e+06
5.4435e+06
5.4435e+06
5.4435e+06
5.44242e+06
5.4422e+06
5.4422e+06
5.4422e+06
5.4422e+06
5.4422e+06
5.4422e+06
5.4422e+06
5.4422e+06
5.4422e+06
5.4422e+06
5.4422e+06
5.4422e+06
5.4422e+06
5.4422e+06
5.4422e+06
5.4422e+06
5.4422e+06
5.4422e+06
5.4422e+06
5.4422e+06
5.4422e+06
5.4422e+06
5.42667e+06
0.991132