5.62875e+06
5.62776e+06
5.61257e+06
5.6103e+06
5.63271e+06
5.61794e+06
5.6103e+06
5.61794e+06
5.61001e+06
5.6103e+06
5.61001e+06
5.61794e+06
5.6103e+06
5.61794e+06
5.61001e+06
5.59392e+06
5.57423e+06
5.57736e+06
5.57423e+06
5.57736e+06
5.57423e+06
5.57736e+06
5.57423e+06
5.57736e+06
5.57423e+06
5.57736e+06
5.57423e+06
5.56292e+06
5.56147e+06
5.56147e+06
5.56147e+06
5.56147e+06
5.56147e+06
5.56147e+06
5.56147e+06
5.56147e+06
5.56147e+06
5.56147e+06
5.56147e+06
5.55481e+06
5.54753e+06
5.55302e+06
5.53728e+06
5.54753e+06
5.55302e+06
5.53728e+06
5.54753e+06
5.55302e+06
5.53728e+06
5.54753e+06
5.55302e+06
5.53728e+06
5.54038e+06
5.53728e+06
5.54038e+06
5.53728e+06
5.54038e+06
5.53728e+06
5.54038e+06
5.53728e+06
5.54038e+06
5.53728e+06
5.54038e+06
5.53728e+06
5.53626e+06
5.51342e+06
5.5309e+06
5.51342e+06
5.5309e+06
5.51342e+06
5.5309e+06
5.51342e+06
5.5309e+06
5.51342e+06
5.5309e+06
5.51342e+06
5.5309e+06
5.49389e+06
5.50222e+06
5.49389e+06
5.50222e+06
5.49389e+06
5.50222e+06
5.49389e+06
5.50222e+06
5.49389e+06
5.50222e+06
5.49389e+06
5.50222e+06
5.49389e+06
5.50638e+06
5.50259e+06
5.49389e+06
5.50638e+06
5.50259e+06
5.49389e+06
5.50638e+06
5.50259e+06
5.49389e+06
5.50638e+06
5.42667e+06
8.15014