5.72438e+06
5.6377e+06
5.56346e+06
5.55651e+06
5.52595e+06
5.54617e+06
5.53132e+06
5.53726e+06
5.53106e+06
5.49978e+06
5.52452e+06
5.51404e+06
5.52765e+06
5.50826e+06
5.52485e+06
5.5062e+06
5.51929e+06
5.51666e+06
5.53226e+06
5.5148e+06
5.52525e+06
5.50383e+06
5.49897e+06
5.51852e+06
5.52259e+06
5.51637e+06
5.52729e+06
5.52423e+06
5.50212e+06
5.51168e+06
5.50292e+06
5.52121e+06
5.50846e+06
5.51151e+06
5.5155e+06
5.5249e+06
5.52031e+06
5.52029e+06
5.51085e+06
5.51347e+06
5.50537e+06
5.51317e+06
5.52272e+06
5.53e+06
5.52596e+06
5.53436e+06
5.51646e+06
5.50675e+06
5.4964e+06
5.51795e+06
5.50759e+06
5.51519e+06
5.52123e+06
5.50597e+06
5.52251e+06
5.51609e+06
5.53472e+06
5.53736e+06
5.47303e+06
5.47672e+06
5.50038e+06
5.51285e+06
5.51329e+06
5.52593e+06
5.52209e+06
5.51683e+06
5.5075e+06
5.52739e+06
5.49511e+06
5.49165e+06
5.51184e+06
5.50177e+06
5.5176e+06
5.51341e+06
5.51908e+06
5.51579e+06
5.51586e+06
5.5147e+06
5.50331e+06
5.5044e+06
5.51513e+06
5.51032e+06
5.50325e+06
5.51866e+06
5.53255e+06
5.523e+06
5.50714e+06
5.49872e+06
5.49236e+06
5.53291e+06
5.48515e+06
5.50996e+06
5.50979e+06
5.51527e+06
5.5079e+06
5.53571e+06
5.53688e+06
5.5269e+06
5.53625e+06
5.53052e+06
5.42667e+06
7.46667