5.72438e+06
5.54754e+06
5.54754e+06
5.52044e+06
5.52044e+06
5.52044e+06
5.49483e+06
5.49483e+06
5.49469e+06
5.49469e+06
5.48767e+06
5.48767e+06
5.48767e+06
5.48767e+06
5.48767e+06
5.47116e+06
5.47116e+06
5.47116e+06
5.47116e+06
5.47116e+06
5.47116e+06
5.47116e+06
5.47116e+06
5.47116e+06
5.47116e+06
5.47116e+06
5.47116e+06
5.47116e+06
5.47116e+06
5.47116e+06
5.47116e+06
5.47116e+06
5.47116e+06
5.47116e+06
5.47116e+06
5.47116e+06
5.46875e+06
5.46875e+06
5.46875e+06
5.46875e+06
5.46875e+06
5.46875e+06
5.46559e+06
5.46559e+06
5.46559e+06
5.46559e+06
5.46559e+06
5.46559e+06
5.46559e+06
5.46559e+06
5.46559e+06
5.46559e+06
5.45859e+06
5.45859e+06
5.45859e+06
5.45859e+06
5.45859e+06
5.45859e+06
5.45859e+06
5.45859e+06
5.45859e+06
5.45859e+06
5.45859e+06
5.45859e+06
5.45859e+06
5.45859e+06
5.45859e+06
5.45859e+06
5.45859e+06
5.45859e+06
5.45859e+06
5.45859e+06
5.45859e+06
5.45859e+06
5.45859e+06
5.45859e+06
5.45859e+06
5.45859e+06
5.45859e+06
5.45859e+06
5.45859e+06
5.45859e+06
5.45859e+06
5.45717e+06
5.45717e+06
5.45717e+06
5.45717e+06
5.45717e+06
5.45717e+06
5.45717e+06
5.45717e+06
5.45717e+06
5.45717e+06
5.45717e+06
5.45717e+06
5.45679e+06
5.45679e+06
5.45679e+06
5.45679e+06
5.45679e+06
5.42667e+06
0.954107