10394
11542
11542
11498
11502
10424
11138
10692
10396
10008
10112
9276
9956
9956
10170
10094
9402
10094
9678
10086
10062
10062
9750
9240
9240
9224
8738
9676
9916
9724
9626
9916
9766
9528
9528
9456
9456
8914
8914
9008
9008
9008
9456
9160
9160
9160
9160
8860
9456
9508
9990
9516
9516
9234
9490
9490
9348
9348
9348
9348
9212
9348
9348
9390
9390
9374
9390
9152
9192
9390
9258
9258
9446
9078
9588
9588
9542
9082
9082
9082
9082
9082
9082
9082
9082
9082
9332
9108
9108
9108
9108
9108
9108
9614
8886
8886
8810
8810
8124
9034
6156
1.1784