11664
9964
10444
9604
10106
8958
8932
8932
8932
8932
8932
8932
8932
8932
8932
8932
8932
8932
8932
8932
8932
8932
8782
8768
8782
8768
8782
8768
8782
8768
8782
8768
8782
8768
8782
8768
8782
8716
8650
8458
8370
8458
8550
8458
8370
8458
8550
8458
8370
8458
8550
8458
8370
8458
8150
8150
8150
8150
8150
8150
8150
8150
8150
8150
8150
8150
8150
8150
8150
8150
8150
8272
8198
8272
8214
8150
8214
8198
8214
8272
8150
8272
8198
8272
8214
8150
8214
8198
7882
7996
7882
7996
7882
7996
7882
7996
7882
7996
7882
7996
6156
6.0896