10182
10182
10182
10182
10182
10182
10182
10182
10182
10182
10182
10182
10182
10182
10182
10182
10182
10182
10182
10182
10182
10182
10182
10182
10182
10182
10182
10182
10182
10182
10182
10182
10182
10182
10114
10114
10114
9752
9752
9752
9752
9752
9752
9752
9752
9752
9752
9752
9752
9752
9752
9752
9752
9752
9752
9752
9752
9752
9752
9752
9752
9752
9752
9752
9752
9752
9752
9752
9752
9752
9752
9752
9752
9752
9752
9752
9752
9752
9752
9752
9752
9752
9752
9752
9752
9752
9752
9752
9752
9752
9752
9752
9752
9752
9752
9752
9752
9752
9752
9752
6156
13.6756