11046
9248
8912
8526
8526
8256
8256
8256
8256
8256
8246
8046
8046
7880
7686
7686
7686
7686
7686
7686
7686
7686
7686
7686
7686
7686
7686
7686
7686
7686
7686
7686
7674
7674
7674
7674
7674
7674
7674
7674
7674
7674
7674
7674
7674
7674
7674
7674
7488
7488
7488
7488
7488
7488
7488
7488
7488
7488
7480
7480
7480
7480
7480
7480
7480
7480
7480
7480
7480
7480
7480
7480
7480
7480
7480
7480
7480
7480
7348
7348
7348
7348
7348
7348
7348
7348
7348
7348
7348
7348
7348
7348
7348
7348
7348
7348
7348
7348
7348
7348
6156
0.419749