10404
9504
8892
8640
8582
8004
8978
8698
8500
8620
8802
8802
8262
8804
8498
8242
8894
8844
8676
8868
8206
8630
8744
8704
8200
9034
8160
8816
8854
8800
9192
8794
8452
7910
8608
8990
8674
8702
8670
8434
8632
8596
8834
8154
8578
8148
8588
8748
8946
8192
8334
8616
8400
8512
8318
8772
8486
8812
8596
8698
8646
8474
8428
8208
7828
8488
8536
8430
8304
8818
8824
8764
8662
8298
8972
8036
8468
8532
8238
8642
8802
8644
8972
8932
9222
8190
8446
8594
8826
9036
8834
9274
8712
8814
8902
8802
8682
8840
8566
8476
6156
5.51023