9514
9496
9496
8976
8750
8750
8750
8750
8218
8024
8024
8012
8012
7860
7860
7860
7860
7770
7770
7770
7678
7678
7678
7678
7618
7618
7618
7618
7388
7388
7388
7192
7192
7040
7040
7040
7040
7040
7040
7040
7040
7040
7040
7040
7040
7040
7040
7040
7040
7040
7040
7040
7040
7040
7040
7040
7040
7040
7040
7040
7040
7040
7040
7040
7040
7040
7040
7040
7040
7040
7040
7040
7040
7040
7040
7040
7040
7040
7040
7040
7040
7040
6968
6968
6968
6968
6968
6968
6968
6968
6968
6968
6968
6968
6968
6968
6968
6968
6968
6968
6156
0.891099