9828
9828
10456
9698
9122
10392
10632
10632
10252
10522
10522
10768
10768
10566
10346
10566
10130
9704
10130
10434
9970
8860
8860
9862
9862
9862
9862
10300
10468
10468
9250
9250
9250
9010
9010
9010
9378
9378
9378
8898
9378
9378
9100
9100
9100
9100
9016
9016
9016
9100
9100
9100
9100
9574
9604
9604
9864
9864
9864
9926
9928
9928
9928
9928
9928
9928
9834
9654
9654
9416
9416
9784
9562
9562
9562
8972
8972
8972
9232
9232
9756
8882
8882
8882
9414
9414
9414
9836
9558
9558
9716
9716
9570
10242
9094
9094
9094
9494
9494
9494
6156
0.16457