11134
9322
9282
8826
8758
8614
8614
8434
8380
8146
8146
7950
7950
7950
7950
7950
7950
7828
7828
7582
7582
7582
7582
7582
7582
7582
7582
7582
7582
7582
7582
7582
7582
7582
7582
7582
7582
7582
7582
7582
7582
7582
7582
7582
7582
7582
7582
7582
7582
7582
7556
7502
7502
7502
7502
7502
7502
7502
7502
7502
7502
7502
7502
7502
7502
7502
7502
7502
7502
7236
7236
7236
7236
7236
7236
7236
7236
7236
7236
7140
7140
7140
7140
7140
7140
7140
7140
7140
7140
7140
7140
7140
7140
7030
7030
7030
7030
7030
7030
7030
6156
3.70947