3.20396e+07
2.59298e+07
2.50789e+07
2.47574e+07
2.33863e+07
2.33863e+07
2.05635e+07
2.05635e+07
2.05635e+07
2.03533e+07
2.03533e+07
2.03533e+07
1.98915e+07
1.97085e+07
1.97085e+07
1.97085e+07
1.97085e+07
1.97085e+07
1.97085e+07
1.97085e+07
1.97085e+07
1.97085e+07
1.89009e+07
1.89009e+07
1.89009e+07
1.89009e+07
1.89009e+07
1.89009e+07
1.89009e+07
1.87878e+07
1.87878e+07
1.87878e+07
1.87878e+07
1.87878e+07
1.87878e+07
1.87878e+07
1.87878e+07
1.87878e+07
1.87878e+07
1.87878e+07
1.87878e+07
1.87878e+07
1.87878e+07
1.87878e+07
1.87505e+07
1.87077e+07
1.85011e+07
1.85011e+07
1.85011e+07
1.85011e+07
1.85011e+07
1.85011e+07
1.85011e+07
1.85011e+07
1.85011e+07
1.84971e+07
1.84971e+07
1.84971e+07
1.84971e+07
1.84971e+07
1.84971e+07
1.84971e+07
1.84971e+07
1.84971e+07
1.84971e+07
1.84971e+07
1.84971e+07
1.83006e+07
1.83006e+07
1.83006e+07
1.83006e+07
1.83006e+07
1.83006e+07
1.83006e+07
1.83006e+07
1.83006e+07
1.83006e+07
1.83006e+07
1.83006e+07
1.83006e+07
1.83006e+07
1.83006e+07
1.83006e+07
1.81455e+07
1.81455e+07
1.81455e+07
1.81455e+07
1.81455e+07
1.81455e+07
1.81455e+07
1.81455e+07
1.81455e+07
1.81455e+07
1.81455e+07
1.81455e+07
1.81455e+07
1.81455e+07
1.81455e+07
1.81455e+07
1.81455e+07
1.72125e+07
0.416049