3.5913e+07
2.62109e+07
2.43108e+07
2.3234e+07
2.3234e+07
2.3234e+07
2.28498e+07
2.28498e+07
2.25271e+07
2.22446e+07
2.13765e+07
2.13765e+07
2.13765e+07
2.12955e+07
2.02852e+07
2.02852e+07
2.02852e+07
2.02852e+07
2.02852e+07
2.02852e+07
2.02801e+07
2.02801e+07
2.02801e+07
2.02759e+07
2.02759e+07
2.02759e+07
1.92145e+07
1.92145e+07
1.91938e+07
1.90855e+07
1.90855e+07
1.90855e+07
1.90855e+07
1.89306e+07
1.88319e+07
1.88319e+07
1.88319e+07
1.87933e+07
1.86434e+07
1.86434e+07
1.86434e+07
1.86434e+07
1.86434e+07
1.85707e+07
1.85258e+07
1.84703e+07
1.84703e+07
1.84703e+07
1.84703e+07
1.84703e+07
1.84703e+07
1.84702e+07
1.84702e+07
1.84702e+07
1.84702e+07
1.84702e+07
1.84702e+07
1.84702e+07
1.84702e+07
1.84702e+07
1.84702e+07
1.83498e+07
1.83498e+07
1.83498e+07
1.82078e+07
1.82078e+07
1.82078e+07
1.82078e+07
1.82078e+07
1.82078e+07
1.82078e+07
1.82078e+07
1.82078e+07
1.82078e+07
1.82078e+07
1.82078e+07
1.82078e+07
1.79955e+07
1.79955e+07
1.79955e+07
1.79955e+07
1.79955e+07
1.79955e+07
1.79955e+07
1.79955e+07
1.79955e+07
1.79955e+07
1.79955e+07
1.79955e+07
1.79955e+07
1.79955e+07
1.79955e+07
1.79955e+07
1.77371e+07
1.77371e+07
1.77367e+07
1.77367e+07
1.77318e+07
1.77318e+07
1.77318e+07
1.72125e+07
0.85066