3.64986e+07
3.64059e+07
3.62367e+07
3.61192e+07
3.59507e+07
3.61192e+07
3.59507e+07
3.61192e+07
3.59507e+07
3.61192e+07
3.59507e+07
3.61192e+07
3.59507e+07
3.38654e+07
2.93709e+07
2.95323e+07
2.93709e+07
2.95323e+07
2.93709e+07
2.95323e+07
2.93709e+07
2.95323e+07
2.93709e+07
2.95323e+07
2.93709e+07
2.95323e+07
2.93709e+07
2.95323e+07
2.93709e+07
2.95323e+07
2.93709e+07
2.95323e+07
2.93709e+07
2.95323e+07
2.92379e+07
2.92132e+07
2.92214e+07
2.92379e+07
2.92132e+07
2.92214e+07
2.92379e+07
2.92132e+07
2.92214e+07
2.92379e+07
2.92132e+07
2.92214e+07
2.92377e+07
2.92132e+07
2.92214e+07
2.92379e+07
2.92132e+07
2.92214e+07
2.92379e+07
2.92132e+07
2.91639e+07
2.73474e+07
2.71733e+07
2.73474e+07
2.71733e+07
2.73474e+07
2.71733e+07
2.73474e+07
2.71733e+07
2.73474e+07
2.71733e+07
2.73474e+07
2.71733e+07
2.73474e+07
2.71733e+07
2.73474e+07
2.71733e+07
2.73474e+07
2.71733e+07
2.73474e+07
2.71733e+07
2.68039e+07
2.68372e+07
2.65015e+07
2.64993e+07
2.65015e+07
2.64993e+07
2.65015e+07
2.64993e+07
2.65015e+07
2.64993e+07
2.65015e+07
2.64993e+07
2.65015e+07
2.64993e+07
2.65015e+07
2.64993e+07
2.65015e+07
2.64993e+07
2.65015e+07
2.64993e+07
2.65015e+07
2.64993e+07
2.51877e+07
2.64993e+07
2.51877e+07
1.72125e+07
4.81032