4.15475e+07
3.87304e+07
3.65091e+07
3.65091e+07
3.65091e+07
3.58999e+07
4.01459e+07
3.64474e+07
3.45836e+07
3.45836e+07
3.45836e+07
3.45836e+07
3.45836e+07
3.76145e+07
3.76145e+07
3.7968e+07
2.82157e+07
2.81726e+07
2.7832e+07
3.36142e+07
3.36142e+07
3.36142e+07
3.36142e+07
3.36142e+07
3.36034e+07
3.36034e+07
3.30214e+07
3.05708e+07
3.05708e+07
2.9544e+07
3.12126e+07
2.62861e+07
3.21708e+07
3.21708e+07
3.76631e+07
3.66014e+07
3.41441e+07
3.08199e+07
2.94926e+07
2.94926e+07
2.94926e+07
3.0858e+07
2.98522e+07
3.0858e+07
3.0858e+07
3.0858e+07
2.9079e+07
2.9079e+07
2.89076e+07
2.89076e+07
2.89076e+07
2.89076e+07
2.89076e+07
2.89076e+07
3.11848e+07
3.11848e+07
3.21254e+07
3.35945e+07
3.35945e+07
3.37806e+07
3.37806e+07
3.33049e+07
3.21102e+07
3.03214e+07
3.21102e+07
2.76451e+07
2.74333e+07
2.74333e+07
2.74333e+07
2.74333e+07
2.74333e+07
2.74333e+07
2.74333e+07
2.74333e+07
2.89637e+07
2.89637e+07
2.83614e+07
3.34797e+07
3.34797e+07
3.34797e+07
3.11342e+07
3.13701e+07
3.06146e+07
3.06146e+07
3.05899e+07
3.05899e+07
3.01702e+07
3.01702e+07
3.01688e+07
3.01688e+07
3.38262e+07
3.0113e+07
2.99106e+07
2.99106e+07
3.18321e+07
3.13894e+07
3.13894e+07
2.90763e+07
2.97954e+07
2.85385e+07
1.72125e+07
1.39109