3.46107e+07
3.70749e+07
3.32558e+07
3.32558e+07
3.66537e+07
3.53657e+07
3.53657e+07
3.40435e+07
3.53657e+07
3.2518e+07
3.38001e+07
3.39321e+07
3.21402e+07
3.33397e+07
3.28004e+07
3.02749e+07
3.02749e+07
3.02749e+07
3.02749e+07
3.02749e+07
2.96824e+07
3.02749e+07
2.94797e+07
2.74148e+07
3.25176e+07
3.17917e+07
2.85694e+07
2.92866e+07
2.92866e+07
2.92866e+07
2.92866e+07
2.92866e+07
2.92866e+07
3.13295e+07
3.13295e+07
2.99565e+07
2.99565e+07
2.86625e+07
2.56589e+07
2.56589e+07
2.86625e+07
2.37553e+07
2.99335e+07
2.52546e+07
2.93217e+07
2.86941e+07
2.8519e+07
2.8519e+07
2.93217e+07
2.91382e+07
2.93217e+07
2.59815e+07
2.59815e+07
2.59815e+07
3.09189e+07
3.05956e+07
3.18663e+07
2.78969e+07
2.78855e+07
2.78969e+07
2.64802e+07
2.96513e+07
3.0638e+07
2.66744e+07
2.97092e+07
2.97092e+07
3.06844e+07
2.84181e+07
2.84181e+07
2.75354e+07
2.75354e+07
2.75354e+07
2.75354e+07
2.75354e+07
2.75354e+07
2.75354e+07
2.75354e+07
2.90895e+07
2.90895e+07
2.57325e+07
2.57325e+07
2.57325e+07
2.57325e+07
2.57325e+07
2.57325e+07
2.57325e+07
2.71632e+07
2.85861e+07
2.85861e+07
2.85861e+07
2.90984e+07
2.90984e+07
2.86081e+07
2.86081e+07
3.00787e+07
3.00787e+07
2.86047e+07
2.74937e+07
2.74937e+07
2.74937e+07
1.72125e+07
0.267494