3.25482e+07
3.11185e+07
2.78664e+07
2.25711e+07
2.25711e+07
2.25711e+07
2.08163e+07
2.08163e+07
2.08163e+07
2.08163e+07
2.08163e+07
2.08163e+07
1.98472e+07
1.94693e+07
1.94693e+07
1.94693e+07
1.94693e+07
1.94693e+07
1.94693e+07
1.94693e+07
1.94693e+07
1.93794e+07
1.89444e+07
1.89444e+07
1.89444e+07
1.89444e+07
1.89444e+07
1.89444e+07
1.85134e+07
1.85134e+07
1.85134e+07
1.83975e+07
1.83975e+07
1.83975e+07
1.83975e+07
1.80967e+07
1.80967e+07
1.80967e+07
1.80967e+07
1.80967e+07
1.80967e+07
1.80967e+07
1.80967e+07
1.80967e+07
1.80967e+07
1.80967e+07
1.80967e+07
1.80967e+07
1.76059e+07
1.76059e+07
1.76059e+07
1.76059e+07
1.76059e+07
1.76059e+07
1.76059e+07
1.76059e+07
1.76059e+07
1.76059e+07
1.76059e+07
1.76059e+07
1.76059e+07
1.76059e+07
1.76059e+07
1.76059e+07
1.76059e+07
1.76059e+07
1.76059e+07
1.76059e+07
1.76059e+07
1.76059e+07
1.76059e+07
1.76059e+07
1.76059e+07
1.76059e+07
1.76059e+07
1.76059e+07
1.76059e+07
1.76059e+07
1.76059e+07
1.76059e+07
1.76059e+07
1.76059e+07
1.76059e+07
1.76059e+07
1.76059e+07
1.76059e+07
1.76059e+07
1.76059e+07
1.76059e+07
1.76059e+07
1.76059e+07
1.76059e+07
1.76059e+07
1.76059e+07
1.76059e+07
1.76059e+07
1.76059e+07
1.76059e+07
1.76059e+07
1.76059e+07
1.72125e+07
3.05281