3.74145e+07
3.4599e+07
2.93503e+07
2.72659e+07
2.27834e+07
2.42957e+07
2.60509e+07
2.21371e+07
2.52293e+07
2.36233e+07
2.28485e+07
2.04748e+07
2.22847e+07
2.11749e+07
2.17397e+07
2.21276e+07
2.12962e+07
2.14231e+07
2.03038e+07
2.16788e+07
2.17646e+07
2.24458e+07
2.13553e+07
2.19407e+07
2.05996e+07
2.10301e+07
2.12175e+07
1.93579e+07
2.06597e+07
2.18791e+07
2.04719e+07
2.17404e+07
2.17642e+07
2.14406e+07
2.08508e+07
2.19798e+07
2.21414e+07
2.1086e+07
2.39849e+07
2.34587e+07
2.23585e+07
2.28984e+07
2.25107e+07
2.29639e+07
2.07869e+07
2.01344e+07
2.17048e+07
1.97595e+07
2.16104e+07
2.21543e+07
2.12613e+07
2.13217e+07
2.19037e+07
2.1386e+07
2.21436e+07
2.13526e+07
2.19473e+07
2.20922e+07
2.22494e+07
2.18649e+07
2.09465e+07
2.12637e+07
2.18259e+07
2.16355e+07
2.0825e+07
2.08879e+07
2.20006e+07
2.11597e+07
2.12039e+07
2.18032e+07
2.1109e+07
2.22834e+07
2.1465e+07
2.15814e+07
2.12944e+07
2.03231e+07
1.98211e+07
2.15619e+07
2.10157e+07
2.03041e+07
2.06759e+07
2.06902e+07
2.07598e+07
2.13942e+07
2.06467e+07
2.04361e+07
2.06598e+07
1.98703e+07
2.05073e+07
1.9603e+07
1.9995e+07
2.0552e+07
2.06519e+07
2.20976e+07
2.04848e+07
2.15002e+07
1.99499e+07
2.01959e+07
2.15144e+07
2.2157e+07
1.72125e+07
4.18287