3.52328e+07
3.15732e+07
3.15732e+07
3.15732e+07
3.15732e+07
3.15732e+07
3.15732e+07
3.15732e+07
3.15732e+07
3.15732e+07
3.15732e+07
3.15732e+07
3.15732e+07
3.15732e+07
3.15732e+07
3.15732e+07
3.15732e+07
3.15732e+07
3.15732e+07
3.15732e+07
3.15732e+07
3.15732e+07
3.15732e+07
3.15732e+07
3.15732e+07
3.15732e+07
3.15732e+07
3.15732e+07
3.15732e+07
3.15732e+07
3.15732e+07
3.15732e+07
3.15732e+07
3.15732e+07
3.15732e+07
3.15732e+07
3.15732e+07
3.15732e+07
3.15732e+07
3.15732e+07
3.15732e+07
3.15732e+07
3.0045e+07
3.0045e+07
3.0045e+07
3.0045e+07
3.0045e+07
3.0045e+07
3.0045e+07
3.0045e+07
3.0045e+07
3.0045e+07
3.0045e+07
3.0045e+07
3.0045e+07
3.0045e+07
3.0045e+07
3.0045e+07
3.0045e+07
3.0045e+07
2.80991e+07
2.80991e+07
2.80991e+07
2.80991e+07
2.80991e+07
2.80991e+07
2.80991e+07
2.80991e+07
2.80991e+07
2.80991e+07
2.80991e+07
2.80991e+07
2.80991e+07
2.80991e+07
2.80991e+07
2.80991e+07
2.80991e+07
2.80991e+07
2.80991e+07
2.80991e+07
2.80991e+07
2.80991e+07
2.80991e+07
2.80991e+07
2.80991e+07
2.80991e+07
2.80991e+07
2.80991e+07
2.80991e+07
2.80991e+07
2.80991e+07
2.80991e+07
2.80991e+07
2.80991e+07
2.80991e+07
2.80991e+07
2.80991e+07
2.80991e+07
2.80991e+07
2.80991e+07
1.72125e+07
8.14172