122600
120560
121840
121840
122010
122010
121550
121170
121170
121170
121170
120770
120770
119870
119580
119580
117900
117900
117900
117900
117620
117280
117280
117280
117280
117280
117280
117760
117760
117760
117760
117760
117760
117760
117760
117360
117360
117360
118710
116050
115730
115730
115730
115730
115730
115730
115730
115730
115730
115730
115730
115730
115730
115730
115730
115730
115730
114960
114960
114960
114960
114960
114960
114960
114960
114960
114960
114960
114960
114460
114460
114460
114960
115740
115740
115740
114700
114700
114700
114700
114700
114700
114700
114700
114700
114700
114700
114700
114700
114700
114700
114700
114700
109090
109090
109090
112310
112310
114700
113220
88900
0.547559