126330
120420
120590
120420
120590
120420
120590
120420
120510
119250
119150
119250
119150
119250
119150
119250
119150
119250
118080
117850
118080
117850
118080
117850
118080
117850
118080
117850
115450
114200
114200
114200
114200
114200
114200
114200
114200
114200
114480
114750
114590
114750
114590
114750
114590
114750
114590
113790
114590
113790
114550
113790
114590
113790
114550
113790
112970
113090
111280
112280
111280
112280
111280
112280
111280
112280
111680
111170
111170
111170
111170
111170
111170
111170
111170
111170
108470
108570
108470
108570
108470
108570
108470
108570
108470
108570
108370
108570
108370
108570
108370
108570
108370
108570
108370
108570
108660
109060
108660
109060
88900
10.3627