121480
120910
118460
113470
113090
110890
110890
110890
110890
107660
106260
104860
104760
104760
104760
104760
104760
104760
104760
103960
103960
103860
103860
101200
101200
101200
100800
100800
100800
100800
100800
100800
100170
100170
100170
99570
99570
99500
99500
99500
99500
99500
98500
98500
98500
98500
98500
98500
98500
98500
98500
98500
98500
98500
98500
98500
98500
98500
98500
98500
98500
98500
98500
98500
98500
98500
98500
98500
97570
97570
97570
97570
96910
96910
96910
96910
96910
96910
96910
96910
96910
95860
95860
95860
95860
95860
95860
95860
95860
95860
95860
95860
95860
95860
95860
95860
95860
95860
95860
95860
88900
1.62262