123720
118770
116360
112620
114330
113660
113090
111510
109860
110430
111080
109490
109290
112730
109210
112640
111000
111410
111390
111090
111630
112570
111870
111190
110930
109720
110160
109850
110230
111430
113360
111210
108870
110220
110660
109190
112030
112470
110570
110190
113420
110980
111380
111240
112620
112890
108380
110990
110960
109220
110420
110120
111220
111730
111390
112490
111460
110620
109600
110490
111160
111260
113640
113220
111930
113210
112760
113770
111110
109320
110900
108950
109030
109370
111250
110690
109310
110290
110960
110590
110150
112040
109900
110980
112150
111070
111380
108310
109500
112210
111920
111000
112870
112660
112130
111640
111700
110110
109610
111660
88900
9.6343