122960
116020
113520
112370
112370
112160
111950
109710
109670
109670
109670
109670
109670
109670
109490
109480
109480
109480
109270
107190
107190
107190
107190
107190
107190
107190
107190
107190
107190
107190
107190
107190
107190
107190
107190
107190
107190
107190
107190
107190
107190
106090
106090
106090
106090
106090
106090
106090
106090
104820
103950
103950
103950
103950
103950
103950
103950
103950
103950
103950
103220
103220
103220
103220
103220
103220
103220
103220
103220
103220
103220
103220
103220
103220
103220
103050
103050
103050
103050
103050
103050
103050
103050
103050
103050
103050
103050
103050
103050
103050
103050
103050
103050
103050
103050
103050
103050
103050
103050
103050
88900
0.911181