126030
123850
122460
121210
121210
122160
119860
119860
119860
118050
119710
116760
118670
116070
119360
118830
119350
119120
119200
119200
119400
119400
117880
117150
117150
116590
116590
116590
116490
115510
115510
115510
114950
114950
114550
114550
114550
114550
114550
113390
113390
113390
114110
114110
114110
113210
113210
111610
110460
111610
111610
111610
111610
111610
111610
111610
111610
111610
110020
110020
110020
112590
112590
112590
116950
115690
116950
116640
115900
115900
115900
115900
116920
116210
117000
117000
117000
116440
116440
115950
115950
115930
115930
115090
115090
115840
115810
115870
115400
115400
112920
112920
112920
112920
111820
110930
112920
112920
112920
112920
88900
2.16541