124500
124500
123310
123310
123310
123310
123310
123310
123310
123310
123310
123310
123310
122340
122340
122340
122340
121770
121770
121770
121160
121160
121160
121160
121160
121160
121160
121160
121160
121160
121160
121160
121160
121160
121160
121160
121160
121160
121160
121160
121160
121160
121160
121160
121160
121160
121160
121160
121160
121160
121160
121160
121160
121160
121160
121160
121160
121160
121160
121160
121160
121160
121160
121160
121160
121160
121160
121160
121160
121160
121160
121160
121160
121160
121160
121160
121160
121160
121160
121160
121160
121160
121160
118750
118750
118750
118750
118750
118750
118750
118750
118750
118750
118750
118750
118750
118750
118750
118750
118750
88900
10.4431