123870
121640
116640
116420
114690
111280
111280
111280
111280
109780
109780
109710
109600
107720
107600
107200
107200
107200
106670
106670
106670
106670
104430
104430
104430
104430
104430
104430
104430
104430
104430
104430
104430
104430
104430
104430
104430
104430
104430
104430
104430
104430
104430
104400
104400
104400
104400
104400
104260
104260
104260
103840
103840
103840
103760
103730
103340
103340
103340
103340
103340
103340
103340
103340
103340
103340
103340
103340
103340
103340
103340
103340
103340
103340
103340
103340
103340
103340
103340
103340
103340
103340
103340
103340
103340
103340
103340
103340
103130
103130
102370
102370
102370
102370
102370
102370
102370
102370
102370
102370
88900
6.00161