32514
32567
32560
32544
32513
32512
32512
32512
32512
32507
32507
32500
32507
32506
32478
32470
32470
32470
32439
32439
32468
32460
32442
32460
32477
32448
32448
32448
32447
32421
32421
32421
32415
32423
32423
32423
32423
32431
32430
32410
32410
32410
32406
32405
32397
32397
32397
32386
32367
32367
32349
32344
32344
32354
32334
32327
32327
32327
32341
32341
32341
32341
32333
32333
32333
32333
32333
32333
32333
32409
32397
32380
32377
32377
32329
32377
32377
32377
32377
32398
32368
32368
32368
32368
32368
32368
32371
32371
32376
32376
32350
32350
32350
32376
32376
32356
32356
32356
32353
32353
31538
1.96943