32563
32550
32530
32542
32538
32538
32550
32546
32546
32514
32518
32471
32465
32465
32457
32457
32437
32437
32437
32416
32416
32416
32416
32405
32416
32407
32407
32407
32407
32407
32407
32407
32375
32375
32407
32407
32407
32407
32407
32407
32407
32385
32385
32385
32366
32366
32366
32366
32366
32366
32366
32407
32439
32439
32414
32414
32414
32414
32403
32403
32403
32403
32403
32403
32403
32403
32403
32403
32396
32396
32396
32387
32387
32387
32379
32379
32379
32387
32387
32403
32371
32371
32371
32371
32371
32371
32371
32371
32371
32371
32371
32398
32377
32377
32367
32377
32377
32377
32375
32375
31538
0.259576