63835
63774
63774
63774
63774
63741
63741
63741
63741
63741
63741
63741
63741
63740
63740
63740
63740
63740
63740
63740
63740
63715
63715
63715
63715
63715
63715
63715
63715
63715
63715
63715
63715
63715
63715
63694
63694
63694
63694
63694
63694
63694
63694
63694
63694
63694
63694
63694
63660
63660
63660
63616
63616
63616
63616
63616
63616
63616
63616
63616
63609
63593
63593
63593
63593
63593
63593
63593
63593
63577
63577
63577
63577
63577
63577
63577
63577
63577
63577
63577
63577
63577
63577
63577
63577
63577
63577
63577
63577
63563
63563
63563
63563
63563
63563
63563
63563
63563
63563
63563
62093
60.8811