109824
109815
109711
109687
109727
109727
109727
109727
109727
109756
109755
109613
109613
109562
109562
109539
109526
109455
109482
109459
109459
109457
109445
109389
109389
109389
109389
109389
109389
109389
109389
109389
109534
109550
109550
109531
109619
109619
109599
109560
109560
109540
109546
109546
109546
109534
109517
109517
109546
109520
109546
109546
109546
109546
109530
109530
109530
109530
109530
109512
109514
109514
109526
109503
109526
109471
109471
109471
109471
109513
109513
109512
109513
109482
109429
109429
109429
109429
109388
109388
109429
109406
109406
109406
109406
109406
109408
109408
109408
109424
109424
109424
109368
109424
109417
109413
109395
109416
109345
109345
107218
3.37198