32574
32410
32396
32391
32381
32330
32330
32330
32330
32330
32329
32297
32297
32297
32297
32285
32285
32285
32247
32247
32247
32247
32247
32247
32247
32240
32240
32240
32240
32240
32240
32240
32240
32240
32240
32240
32240
32240
32240
32240
32240
32240
32240
32240
32240
32240
32240
32240
32240
32240
32240
32240
32240
32240
32240
32240
32240
32223
32223
32223
32223
32223
32223
32223
32223
32223
32223
32223
32223
32223
32223
32223
32221
32221
32221
32221
32221
32221
32221
32221
32221
32221
32221
32221
32221
32221
32221
32183
32183
32183
32183
32183
32183
32183
32183
32183
32183
32183
32183
32183
31538
1.1099