257986
258002
258109
258087
258022
258022
257918
257870
257754
257754
257754
257649
257649
257649
257584
257649
257638
257649
257649
257598
257649
257687
257687
257635
257635
257536
257639
257639
257701
257701
257629
257629
257517
257517
257517
257517
257517
257517
257517
257517
257517
257695
257669
257690
257597
257576
257597
257597
257597
257597
257597
257592
257597
257597
257571
257571
257560
257557
257557
257557
257552
257552
257619
257627
257515
257548
257548
257548
257548
257548
257548
257548
257510
257435
257435
257435
257435
257435
257510
257325
257325
257510
257502
257510
257509
257510
257474
257471
257444
257444
257468
257444
257425
257425
257453
257453
257453
257338
257333
257391
253195
1.31841