366892
367022
367022
366838
366843
366867
366887
366764
366764
366710
366710
366710
366710
366654
366653
366653
366584
366584
366584
366763
366663
366704
366704
366704
366687
366591
366591
366591
366605
366605
366605
366590
366513
366513
366578
366519
366519
366519
366495
366487
366519
366525
366545
366404
366483
366483
366438
366389
366360
366374
366349
366295
366300
366300
366345
366359
366345
366315
366315
366243
366243
366243
366176
366208
366143
366107
366107
366107
366175
366147
366147
366147
366132
366145
366145
366145
366145
366145
366145
366145
366145
366100
366100
366079
366100
366100
366036
366017
366019
366019
366046
365972
365971
365972
365972
365972
365968
365972
365971
365972
360630
7.65216