366892
366886
366738
366622
366602
366461
366377
366327
366174
366117
366117
366085
366038
365908
365901
365896
365870
365731
365682
365479
365472
365472
365423
365383
365337
365337
365337
365322
365322
365322
365322
365305
365305
365305
365305
365305
365305
365305
365291
365291
365244
365238
365238
365236
365234
365234
365206
365125
365125
365125
365125
365125
365125
365112
365087
365079
365003
365003
365003
365003
364993
364993
364993
364883
364883
364883
364883
364883
364883
364883
364883
364863
364863
364849
364849
364849
364847
364843
364843
364843
364821
364800
364800
364800
364800
364800
364800
364800
364800
364761
364761
364714
364714
364714
364714
364714
364714
364714
364714
364714
360630
8.32042