109824
109549
109391
109346
109343
109339
109309
109309
109309
109270
109270
109270
109256
109225
109225
109225
109225
109225
109225
109225
109225
109200
109200
109200
109182
109130
109061
109061
109061
109061
109061
109061
109061
109061
109061
109061
109061
109061
109061
109061
109061
109061
109061
109061
109061
109061
109061
109061
109061
109061
109061
109061
109061
109061
109061
109061
109061
109061
109061
109061
109061
109061
109061
109061
109061
109061
109061
109061
109061
109061
109061
109061
109061
109061
109061
109061
109047
109047
109047
109047
109047
109047
109047
109047
109047
109047
109047
109047
109047
109030
109030
109030
109030
109030
109030
109030
109030
109030
109030
109030
107218
2.06972