258108
258095
258095
258082
258082
257983
257960
257848
257840
257840
257787
257787
257840
257834
257818
257758
257758
257758
257758
257722
257725
257627
257627
257669
257638
257533
257533
257533
257509
257509
257425
257403
257403
257403
257403
257361
257385
257385
257479
257479
257479
257478
257478
257471
257411
257411
257407
257403
257403
257407
257371
257371
257346
257335
257378
257378
257350
257350
257350
257288
257288
257346
257346
257253
257253
257222
257222
257222
257207
257207
257207
257207
257207
257207
257192
257192
257207
257184
257184
257152
257152
257207
257096
257096
257050
257071
257071
257071
257071
257071
257071
257071
257096
257096
257168
257174
257174
257174
257174
257128
253195
5.9787