257832
257836
257914
257820
257702
257664
257506
257506
257453
257418
257335
257303
257225
257188
257175
257182
257184
257180
257175
257093
257076
257052
257060
257076
257010
257002
257010
256940
256971
256971
256971
256967
257044
256992
256989
257002
257002
256872
256787
256788
256809
256788
256793
256793
256768
256768
256786
256748
256747
256721
256785
256812
256841
256794
256803
256682
256762
256682
256705
256612
256655
256686
256698
256698
256755
256731
256819
256832
256830
256863
256830
256811
256715
256715
256726
256663
256625
256602
256596
256644
256585
256578
256570
256734
256570
256641
256660
256695
256686
256551
256551
256551
256501
256487
256568
256487
256585
256654
256585
256471
253195
230.042