109822
109781
109648
109589
109503
109463
109463
109376
109376
109376
109344
109333
109333
109217
109217
109217
109217
109217
109202
109197
109197
109197
109194
109125
109125
109125
109125
109125
109125
109125
109125
109125
109125
109125
109125
109125
109125
109069
109069
109069
109069
109069
109069
109069
109069
109069
109069
109069
109069
109069
109069
109069
109069
109069
109069
109069
109069
109069
109069
109069
109069
109056
109056
109056
109056
108982
108982
108982
108982
108982
108982
108982
108982
108982
108982
108982
108982
108982
108982
108982
108982
108982
108982
108982
108982
108982
108982
108982
108982
108982
108982
108982
108982
108982
108982
108982
108982
108982
108982
108982
107218
44.849