257986
257566
257410
257284
257250
257199
257134
257039
257039
257039
257039
257017
257017
256957
256957
256957
256957
256957
256957
256957
256957
256934
256924
256924
256899
256899
256899
256899
256899
256898
256898
256825
256825
256825
256825
256825
256825
256825
256825
256825
256825
256825
256825
256787
256787
256787
256787
256787
256787
256787
256787
256787
256787
256787
256787
256787
256741
256741
256741
256741
256741
256732
256732
256732
256732
256732
256732
256732
256662
256662
256662
256662
256662
256662
256662
256662
256662
256662
256662
256662
256662
256662
256654
256654
256654
256654
256654
256654
256654
256654
256654
256654
256654
256654
256654
256654
256644
256644
256644
256644
253195
3.91967