109902
109908
109798
109800
109809
109821
109773
109773
109705
109705
109705
109693
109648
109686
109714
109679
109563
109563
109563
109550
109590
109590
109590
109540
109590
109590
109559
109599
109582
109582
109582
109582
109599
109497
109497
109497
109589
109589
109589
109560
109560
109595
109571
109578
109578
109565
109578
109570
109496
109496
109496
109559
109559
109559
109561
109561
109541
109528
109449
109449
109449
109519
109519
109528
109528
109461
109528
109530
109515
109515
109530
109448
109448
109448
109448
109534
109510
109510
109502
109502
109495
109480
109480
109480
109480
109480
109480
109480
109480
109480
109480
109480
109480
109480
109480
109480
109480
109480
109480
109477
107218
0.552146