32540
32491
32446
32386
32386
32368
32368
32368
32329
32329
32329
32329
32329
32329
32329
32329
32315
32305
32298
32298
32298
32278
32268
32268
32268
32268
32268
32268
32268
32268
32268
32254
32254
32254
32249
32249
32249
32249
32249
32249
32209
32209
32209
32209
32209
32209
32209
32209
32209
32209
32209
32209
32209
32209
32209
32209
32209
32209
32209
32209
32209
32209
32209
32209
32209
32209
32209
32209
32209
32209
32209
32209
32209
32209
32209
32209
32209
32209
32209
32209
32209
32209
32209
32209
32209
32209
32209
32209
32209
32209
32209
32209
32209
32209
32209
32209
32209
32209
32209
32209
31538
10.0367