257968
257968
257968
257968
257968
257968
257942
257942
257942
257942
257909
257828
257828
257828
257828
257828
257768
257768
257768
257768
257768
257768
257768
257768
257768
257768
257768
257768
257660
257660
257660
257660
257660
257647
257647
257647
257647
257647
257622
257622
257622
257622
257576
257576
257576
257576
257576
257576
257576
257576
257576
257576
257576
257576
257576
257576
257528
257528
257484
257414
257414
257414
257414
257414
257414
257414
257414
257379
257379
257379
257379
257379
257379
257379
257379
257379
257379
257379
257379
257379
257379
257379
257379
257379
257379
257379
257379
257379
257379
257379
257379
257379
257375
257375
257341
257341
257322
257322
257322
257322
253195
153.606