32563
32524
32487
32446
32409
32379
32356
32356
32355
32325
32325
32325
32317
32305
32302
32302
32293
32293
32293
32281
32281
32266
32266
32256
32242
32237
32232
32232
32232
32228
32222
32222
32218
32206
32206
32206
32206
32206
32206
32195
32195
32195
32195
32195
32195
32195
32195
32195
32195
32182
32148
32148
32148
32148
32148
32148
32148
32148
32148
32148
32148
32148
32137
32137
32137
32137
32137
32137
32137
32132
32126
32126
32126
32126
32126
32126
32126
32126
32126
32126
32126
32126
32126
32126
32126
32126
32126
32126
32126
32126
32126
32126
32126
32126
32126
32126
32126
32120
32116
32116
31538
1.77302