173266
173236
173121
173121
172960
172905
172884
172857
172857
172857
172839
172771
172771
172739
172732
172732
172656
172656
172656
172610
172546
172546
172546
172546
172546
172506
172485
172485
172485
172485
172485
172459
172445
172396
172396
172396
172396
172368
172368
172332
172332
172302
172302
172302
172302
172302
172302
172302
172299
172299
172299
172280
172280
172280
172280
172248
172248
172248
172248
172202
172193
172193
172193
172170
172170
172170
172170
172170
172170
172170
172170
172170
172170
172170
172170
172170
172124
172124
172124
172124
172124
172124
172124
172124
172075
172075
172075
172075
172035
172013
172013
172013
172013
172013
172013
172013
172013
172013
172013
172013
169755
4.63603