366892
367032
366924
366780
366780
366780
366780
366752
366700
366585
366700
366498
366498
366694
366553
366524
366524
366460
366464
366389
366389
366351
366351
366329
366329
366184
366329
366329
366347
366347
366347
366347
366347
366347
366338
366240
366240
366240
366237
366237
366237
366237
366153
366231
366231
366231
366231
366231
366231
366049
366049
366049
366049
366049
366049
366021
366037
366018
366018
366018
366018
366018
366018
366018
366018
366018
366007
366018
366004
366004
365972
365972
366004
366004
366037
366037
366024
366024
366024
366024
366024
366010
365916
366088
366088
366088
366098
365954
366077
365948
366043
366077
366050
366079
366078
366068
366079
366062
366062
365958
360630
1.67158