366793
366648
366648
366546
366293
366204
366163
366140
366059
365987
365887
365887
365887
365887
365887
365854
365748
365748
365748
365687
365687
365687
365660
365660
365603
365603
365590
365590
365567
365567
365567
365567
365509
365509
365509
365509
365509
365509
365509
365428
365396
365396
365396
365396
365396
365396
365368
365368
365368
365368
365350
365350
365350
365350
365350
365350
365227
365227
365227
365227
365227
365227
365190
365190
365190
365190
365190
365190
365190
365190
365190
365190
365190
365190
365190
365190
365190
365190
365190
365190
365190
365190
365190
365190
365190
365190
365190
365190
365190
365190
365190
365190
365190
365153
365153
365153
365153
365153
365153
365153
360630
42.6219