63773
63725
63645
63651
63551
63521
63508
63491
63495
63501
63475
63517
63524
63513
63470
63473
63505
63476
63493
63452
63402
63395
63491
63500
63498
63501
63480
63510
63496
63506
63518
63466
63515
63497
63473
63458
63423
63440
63473
63456
63476
63496
63481
63527
63508
63443
63373
63479
63399
63371
63458
63507
63504
63481
63448
63475
63467
63455
63414
63411
63437
63484
63483
63412
63456
63471
63515
63499
63495
63425
63441
63464
63456
63499
63456
63465
63490
63501
63520
63523
63464
63479
63481
63524
63508
63496
63475
63528
63478
63472
63480
63469
63490
63488
63483
63411
63452
63444
63477
63554
62093
27.8398