258108
258105
257797
257703
257703
257703
257686
257640
257558
257489
257347
257314
257287
257287
257266
257155
257155
257147
257085
257085
257031
257031
256968
256950
256934
256839
256839
256839
256765
256765
256765
256765
256755
256755
256755
256695
256695
256695
256695
256667
256636
256636
256636
256636
256620
256620
256620
256620
256620
256620
256594
256594
256571
256571
256571
256571
256571
256571
256571
256571
256544
256544
256544
256528
256528
256528
256528
256528
256435
256435
256418
256418
256418
256362
256362
256362
256319
256319
256319
256319
256319
256319
256319
256319
256319
256319
256319
256319
256293
256293
256293
256293
256293
256293
256293
256293
256256
256256
256256
256256
253195
6.14017