109871
109857
109784
109784
109784
109784
109784
109784
109784
109784
109784
109784
109784
109784
109780
109733
109713
109693
109693
109572
109572
109555
109555
109555
109555
109555
109555
109555
109555
109555
109555
109555
109555
109555
109555
109555
109555
109555
109555
109555
109555
109555
109555
109555
109555
109555
109555
109555
109555
109555
109555
109555
109555
109555
109555
109555
109555
109555
109555
109497
109497
109497
109497
109497
109497
109497
109497
109497
109497
109497
109497
109497
109497
109497
109497
109497
109447
109447
109447
109447
109447
109447
109447
109447
109447
109447
109447
109447
109447
109447
109447
109447
109447
109447
109447
109447
109447
109447
109447
109447
107218
57.5472