63780
63765
63740
63669
63620
63530
63530
63450
63448
63448
63432
63426
63368
63368
63368
63320
63270
63270
63270
63270
63270
63270
63270
63270
63270
63270
63270
63270
63270
63270
63270
63270
63267
63267
63230
63230
63230
63230
63220
63220
63220
63220
63220
63220
63220
63220
63216
63216
63191
63191
63191
63191
63178
63178
63178
63178
63153
63153
63153
63143
63143
63143
63143
63143
63143
63143
63143
63143
63143
63143
63143
63143
63143
63143
63143
63143
63143
63143
63143
63143
63143
63143
63143
63143
63143
63143
63143
63120
63103
63103
63103
63103
63103
63103
63103
63103
63103
63103
63103
63097
62093
2.62852