366929
366880
366816
366806
366802
366788
366774
366615
366578
366578
366578
366578
366578
366578
366578
366567
366567
366567
366567
366567
366567
366567
366567
366567
366567
366567
366567
366467
366467
366467
366467
366467
366467
366467
366467
366467
366467
366467
366467
366467
366422
366422
366422
366422
366422
366422
366422
366383
366383
366383
366383
366383
366234
366142
366142
366134
366134
366134
366134
366134
366134
366118
366118
366118
366118
366118
366118
365947
365945
365945
365945
365945
365945
365945
365945
365945
365945
365945
365945
365945
365945
365945
365945
365945
365945
365945
365945
365945
365945
365945
365945
365945
365945
365945
365945
365945
365945
365945
365945
365945
360630
81.4239