109848
109788
109817
109702
109727
109702
109619
109629
109600
109562
109562
109453
109444
109480
109444
109480
109372
109366
109366
109366
109366
109329
109299
109300
109244
109244
109279
109267
109289
109322
109289
109289
109289
109289
109289
109225
109257
109225
109198
109218
109198
109238
109244
109238
109215
109251
109231
109167
109167
109167
109192
109167
109163
109167
109163
109150
109150
109150
109146
109126
109126
109126
109126
109165
109195
109169
109194
109169
109160
109139
109176
109148
109146
109146
109136
109136
109158
109136
109136
109070
109070
109037
109037
109037
109047
109023
109047
109032
109047
109022
108992
109009
109036
109009
108999
108963
108998
108998
108998
108998
107218
38.6714