366841
366791
366765
366692
366648
366492
366507
366492
366248
366200
366166
366065
365972
366098
365988
365948
366038
365948
365864
365765
365723
365787
365802
365791
365721
365693
365758
365667
365664
365581
365586
365572
365572
365477
365512
365490
365501
365538
365533
365541
365557
365591
365571
365567
365584
365567
365511
365477
365455
365541
365455
365445
365445
365527
365371
365432
365416
365483
365390
365390
365321
365321
365336
365373
365336
365381
365383
365344
365182
365302
365354
365390
365375
365367
365303
365336
365412
365415
365412
365490
365490
365465
365411
365411
365418
365399
365512
365399
365512
365477
365375
365362
365371
365434
365434
365454
365452
365374
365404
365354
360630
79.2388