258004
257952
257769
257680
257604
257525
257383
257383
257291
257183
257183
257174
257118
257118
257110
257073
257037
257037
257020
257020
257020
257020
256985
256985
256939
256939
256939
256939
256855
256855
256855
256855
256855
256855
256855
256827
256827
256827
256827
256824
256824
256824
256824
256824
256824
256808
256808
256808
256808
256808
256808
256808
256808
256808
256771
256771
256771
256637
256637
256637
256637
256637
256637
256637
256637
256637
256637
256637
256637
256637
256637
256637
256637
256637
256621
256621
256621
256621
256621
256621
256621
256621
256621
256621
256621
256621
256621
256621
256621
256621
256621
256621
256621
256621
256621
256621
256621
256621
256621
256621
253195
585.267