173266
173456
173433
173433
173409
173247
173238
173362
173296
173240
173241
173265
173300
173315
173214
173125
173210
173175
173175
173175
173175
173179
173138
173156
173141
173141
173109
173109
173057
173042
173042
173042
173042
173008
173008
173033
173033
172981
172980
172972
172983
172983
172907
172905
172907
172907
172976
172976
172961
172917
172947
172947
172852
172852
172825
172825
172788
172852
172852
172909
172900
172900
172884
172893
172882
172882
172882
172823
172774
172812
172812
172826
172826
172826
172826
172826
172855
172859
172882
172854
172832
172832
172832
172832
172738
172738
172738
172738
172738
172738
172738
172826
172796
172796
172757
172796
172796
172786
172786
172741
169755
4.3662