109830
109688
109593
109525
109455
109382
109410
109398
109310
109374
109306
109305
109338
109289
109261
109283
109348
109343
109340
109338
109207
109204
109278
109324
109249
109303
109341
109321
109348
109321
109335
109328
109364
109297
109301
109170
109233
109271
109337
109325
109355
109309
109319
109386
109298
109331
109376
109357
109362
109323
109360
109389
109295
109316
109286
109289
109325
109339
109248
109278
109276
109273
109263
109318
109275
109279
109205
109298
109255
109303
109300
109343
109250
109321
109359
109325
109331
109326
109247
109293
109291
109338
109316
109347
109350
109342
109385
109403
109366
109343
109409
109332
109366
109335
109335
109322
109288
109257
109353
109328
107218
38.513