63792
63786
63774
63774
63768
63768
63766
63766
63741
63701
63701
63701
63701
63701
63701
63701
63701
63716
63716
63712
63630
63683
63664
63664
63664
63638
63650
63637
63650
63650
63647
63664
63587
63587
63587
63587
63587
63587
63587
63587
63587
63587
63587
63587
63587
63587
63608
63585
63585
63585
63585
63585
63585
63585
63576
63525
63525
63525
63525
63525
63525
63503
63525
63525
63543
63543
63496
63543
63512
63512
63543
63543
63511
63515
63515
63515
63515
63515
63515
63515
63515
63569
63561
63564
63565
63565
63527
63526
63565
63565
63565
63565
63565
63517
63569
63542
63542
63569
63569
63569
62093
0.384398