173409
173327
173359
173224
173224
173239
173183
173123
173070
173115
173254
173185
173185
173142
173142
173092
173066
173066
173066
173066
173066
173065
173065
173025
173065
172989
172974
173069
173069
173068
173081
173011
173011
173011
173011
173011
173011
173011
173011
173011
173011
173011
173011
173011
173011
173011
173011
173011
173011
172953
172953
172953
172953
172953
172953
172953
172953
172953
172953
172953
172953
172953
172953
172953
172953
172860
172860
172860
172860
172860
172952
172917
172917
172952
172953
172953
172953
172944
172931
172931
172931
172903
172814
172903
172885
172885
172885
172800
172800
172800
172800
172800
172800
172800
172800
172800
172800
172800
172785
172785
169755
0.973089