173434
173305
173159
173159
173159
173159
173150
173098
173046
173046
173046
173042
172962
172901
172901
172880
172880
172880
172880
172880
172867
172867
172843
172843
172843
172843
172843
172843
172843
172843
172779
172779
172779
172779
172779
172779
172779
172746
172722
172722
172722
172722
172722
172722
172722
172722
172722
172722
172722
172697
172697
172697
172664
172664
172664
172664
172664
172664
172664
172664
172664
172664
172664
172664
172664
172664
172664
172623
172623
172623
172623
172623
172623
172623
172623
172623
172623
172623
172623
172623
172623
172623
172623
172623
172623
172623
172623
172623
172623
172623
172623
172623
172586
172586
172586
172586
172586
172586
172586
172586
169755
430.898