32539
32411
32410
32407
32388
32332
32372
32377
32380
32306
32365
32375
32358
32352
32358
32334
32304
32331
32364
32320
32373
32368
32351
32342
32351
32356
32350
32357
32344
32351
32385
32370
32344
32365
32368
32345
32367
32361
32351
32367
32307
32336
32343
32305
32342
32384
32361
32359
32354
32363
32351
32347
32310
32327
32342
32348
32343
32346
32314
32337
32331
32347
32374
32342
32347
32382
32386
32376
32322
32341
32349
32341
32353
32390
32369
32327
32316
32346
32328
32271
32306
32336
32296
32331
32341
32354
32375
32377
32320
32335
32344
32355
32294
32338
32355
32335
32351
32311
32363
32350
31538
16.5491