258062
257919
257735
257624
257464
257316
257257
257316
257254
257228
257285
257174
257124
257088
257043
257037
257114
257108
257165
257225
257176
257123
257043
257116
257141
257119
257096
257280
257213
257125
257155
257165
257136
257021
257147
257111
257076
257108
256964
257008
257020
257036
257064
257070
257115
257107
257044
257116
257167
257119
257102
257094
257199
257201
257095
257029
257086
257092
257132
257143
257156
257162
257119
257167
257112
257127
257102
257090
257061
257044
257011
256992
256921
256943
257050
257110
257071
257128
257127
257096
257073
257150
257093
257194
257180
257148
257108
257038
257063
257141
257092
257120
257166
257157
257125
257182
257070
257076
257107
257135
253195
122.068