366892
366304
366210
366045
366045
365928
365928
365866
365866
365825
365825
365825
365825
365825
365698
365673
365673
365673
365673
365645
365610
365610
365610
365610
365599
365599
365599
365495
365495
365495
365495
365495
365495
365495
365495
365495
365495
365473
365473
365466
365466
365362
365362
365362
365350
365350
365350
365350
365350
365350
365350
365350
365350
365350
365350
365277
365277
365277
365277
365277
365277
365277
365277
365277
365256
365256
365256
365256
365256
365256
365256
365256
365256
365256
365256
365256
365256
365256
365256
365256
365256
365256
365256
365256
365256
365256
365256
365256
365256
365256
365256
365256
365256
365256
365256
365256
365256
365256
365256
365256
360630
5.35588