173409
172943
172899
172875
172671
172597
172597
172597
172597
172597
172597
172597
172597
172592
172592
172592
172561
172561
172561
172561
172561
172561
172545
172545
172545
172545
172545
172541
172541
172524
172514
172514
172514
172514
172514
172508
172444
172444
172444
172444
172444
172444
172444
172444
172444
172444
172444
172444
172444
172444
172444
172418
172418
172405
172405
172405
172405
172405
172405
172405
172405
172405
172405
172405
172400
172400
172400
172400
172400
172400
172400
172400
172385
172385
172385
172385
172385
172385
172385
172385
172385
172385
172385
172385
172385
172385
172355
172355
172355
172355
172355
172355
172355
172355
172355
172355
172355
172355
172355
172355
169755
2.93068