109783
109746
109680
109614
109546
109522
109497
109462
109440
109440
109359
109359
109305
109253
109213
109213
109213
109209
109209
109141
109141
109103
109088
109088
109088
109088
109088
109088
109088
109088
109045
109045
109045
109045
109045
109045
109045
109045
109045
109044
109044
109044
109027
109020
108936
108936
108936
108936
108936
108936
108936
108936
108936
108936
108936
108936
108936
108933
108933
108930
108918
108918
108918
108918
108918
108918
108918
108910
108910
108910
108888
108888
108888
108888
108888
108888
108888
108869
108869
108869
108869
108869
108869
108869
108869
108869
108869
108869
108869
108858
108858
108858
108858
108838
108838
108838
108838
108838
108838
108838
107218
3.40127