173255
173203
173165
173051
172942
172925
172888
172763
172763
172735
172735
172720
172720
172661
172661
172614
172614
172614
172614
172548
172548
172548
172525
172525
172525
172525
172525
172525
172525
172525
172481
172481
172481
172481
172481
172481
172440
172440
172440
172440
172440
172440
172440
172440
172440
172358
172358
172358
172358
172358
172358
172358
172358
172358
172358
172358
172358
172358
172254
172254
172254
172254
172254
172254
172254
172254
172254
172254
172254
172254
172254
172254
172254
172254
172254
172254
172254
172254
172254
172254
172254
172254
172254
172254
172254
172254
172254
172254
172254
172254
172254
172254
172254
172254
172254
172254
172254
172254
172247
172247
169755
485.973