63783
63737
63661
63661
63661
63661
63595
63575
63578
63525
63562
63525
63552
63581
63552
63581
63552
63552
63531
63532
63542
63507
63542
63507
63534
63497
63525
63493
63505
63492
63524
63492
63525
63492
63519
63497
63465
63501
63472
63430
63450
63468
63438
63491
63438
63464
63464
63464
63437
63437
63437
63423
63437
63423
63438
63409
63398
63411
63399
63382
63399
63423
63406
63421
63381
63381
63381
63381
63372
63355
63369
63353
63391
63378
63353
63378
63379
63365
63357
63365
63368
63365
63368
63365
63384
63359
63380
63359
63312
63312
63312
63312
63292
63312
63292
63288
63273
63286
63273
63273
62093
28.2099