32552
32539
32514
32514
32514
32514
32514
32514
32514
32514
32514
32514
32514
32514
32514
32514
32514
32514
32514
32514
32514
32514
32514
32514
32514
32514
32514
32514
32514
32514
32514
32514
32514
32514
32514
32514
32514
32514
32514
32501
32501
32501
32501
32501
32501
32501
32501
32501
32501
32501
32501
32501
32501
32501
32501
32501
32501
32501
32501
32501
32501
32501
32501
32501
32501
32501
32501
32501
32501
32501
32501
32501
32501
32501
32501
32501
32501
32501
32501
32501
32501
32501
32501
32501
32501
32501
32501
32501
32501
32501
32501
32501
32501
32501
32501
32499
32499
32499
32499
32499
31538
16.0591