63775
63633
63602
63479
63479
63479
63369
63369
63369
63369
63369
63369
63369
63369
63369
63369
63369
63369
63369
63369
63369
63369
63369
63369
63369
63369
63369
63369
63369
63369
63369
63369
63369
63369
63369
63369
63344
63344
63344
63344
63344
63344
63344
63344
63344
63344
63344
63344
63305
63305
63305
63305
63305
63305
63305
63305
63305
63305
63305
63305
63305
63305
63305
63305
63305
63305
63305
63305
63278
63278
63278
63278
63278
63278
63278
63278
63278
63278
63278
63278
63278
63278
63278
63278
63278
63278
63278
63278
63278
63278
63278
63278
63278
63278
63278
63278
63278
63278
63278
63278
62093
1.66698