32553
32453
32437
32453
32436
32439
32436
32439
32436
32404
32409
32402
32406
32402
32406
32359
32359
32359
32359
32359
32359
32357
32359
32357
32359
32357
32359
32357
32347
32346
32347
32346
32347
32327
32347
32327
32347
32327
32340
32327
32339
32327
32339
32327
32302
32316
32294
32302
32320
32294
32315
32294
32315
32294
32315
32294
32276
32294
32276
32294
32276
32294
32316
32294
32316
32294
32316
32294
32268
32252
32263
32252
32263
32291
32259
32291
32259
32291
32259
32271
32259
32271
32259
32271
32259
32257
32259
32257
32259
32257
32259
32280
32259
32277
32259
32277
32283
32293
32283
32293
31538
17.3124