173243
173171
173092
172995
172916
172901
172825
172804
172782
172792
172800
172808
172648
172729
172735
172666
172628
172635
172608
172652
172743
172668
172680
172653
172622
172642
172683
172722
172700
172624
172654
172719
172728
172681
172740
172752
172778
172745
172792
172681
172722
172705
172630
172635
172722
172722
172631
172596
172642
172682
172674
172660
172747
172752
172707
172692
172723
172663
172742
172752
172705
172678
172655
172635
172677
172627
172678
172745
172710
172626
172749
172742
172715
172612
172687
172666
172643
172656
172628
172621
172655
172662
172559
172533
172622
172678
172658
172577
172654
172659
172661
172619
172624
172677
172680
172752
172683
172668
172629
172684
169755
58.1866