173343
173352
173277
173277
173156
173117
173097
173021
172974
172856
172856
172826
172846
172859
172818
172830
172775
172793
172715
172715
172663
172684
172632
172632
172622
172632
172677
172632
172559
172559
172559
172559
172559
172608
172610
172528
172556
172525
172554
172516
172478
172469
172494
172484
172458
172524
172481
172480
172444
172363
172405
172465
172405
172421
172365
172428
172365
172362
172509
172395
172391
172384
172371
172384
172397
172384
172384
172384
172369
172365
172365
172331
172284
172284
172284
172201
172259
172341
172259
172259
172259
172274
172259
172259
172259
172259
172259
172278
172259
172308
172308
172308
172363
172301
172235
172244
172253
172244
172292
172244
169755
54.5515