63836
63836
63797
63822
63771
63757
63737
63737
63694
63657
63586
63586
63692
63642
63718
63684
63639
63654
63604
63604
63604
63604
63604
63604
63604
63595
63575
63595
63595
63517
63517
63517
63469
63469
63469
63469
63469
63446
63446
63446
63446
63446
63421
63421
63394
63421
63421
63422
63420
63422
63422
63422
63422
63422
63422
63422
63422
63422
63423
63388
63388
63388
63386
63386
63386
63485
63461
63463
63465
63485
63485
63485
63466
63466
63466
63466
63448
63466
63463
63463
63462
63462
63463
63433
63463
63473
63473
63469
63469
63473
63455
63473
63473
63467
63467
63467
63473
63433
63433
63433
62093
2.57336