63795
63692
63662
63600
63589
63519
63519
63508
63453
63453
63441
63441
63441
63441
63438
63418
63418
63418
63410
63410
63410
63391
63391
63391
63391
63391
63391
63391
63391
63381
63381
63381
63381
63373
63373
63373
63370
63360
63360
63360
63360
63360
63350
63350
63350
63350
63350
63350
63350
63350
63350
63350
63350
63347
63347
63347
63347
63347
63347
63347
63347
63334
63334
63334
63334
63307
63307
63307
63307
63307
63307
63307
63307
63307
63307
63307
63307
63307
63307
63307
63307
63307
63307
63307
63307
63307
63307
63307
63307
63307
63307
63307
63307
63307
63307
63307
63307
63307
63307
63307
62093
25.5066