6556
6556
6556
6556
6486
6486
6486
6486
6486
6378
6378
6218
6386
6386
6384
6384
6456
6456
6402
6274
6322
6300
6300
6300
6300
6504
6446
6442
6442
6298
6298
6298
6228
6228
6228
6228
6228
6228
6228
6228
6228
6228
6228
6228
6308
6308
6278
6296
6308
6280
6280
6280
6280
6280
6280
6240
6240
6240
6332
6332
6322
6322
6322
6322
6322
6306
6210
6210
6210
6210
6210
6210
6210
6210
6210
6210
6210
6278
6254
6278
6230
6230
6230
6264
6144
6144
6144
6264
6264
6264
6076
6076
6076
6076
6076
6076
6076
6076
6076
6076
5234
0.498323