4388
4140
4108
4046
4018
3986
3986
3986
3986
3986
3986
3986
3986
3986
3986
3986
3986
3986
3970
3970
3970
3970
3954
3954
3954
3954
3954
3954
3954
3936
3936
3932
3932
3932
3932
3932
3932
3932
3932
3932
3932
3932
3918
3918
3918
3918
3918
3918
3918
3898
3898
3898
3898
3898
3898
3898
3898
3898
3898
3898
3898
3898
3898
3898
3898
3898
3898
3898
3898
3898
3898
3898
3898
3898
3898
3898
3868
3868
3868
3868
3868
3868
3868
3868
3868
3868
3868
3868
3868
3868
3868
3868
3868
3868
3868
3868
3868
3844
3844
3844
3488
0.514279