4492
4284
4182
4078
4078
4004
4004
4004
4004
4004
4002
3966
3966
3966
3948
3936
3936
3936
3936
3936
3936
3936
3936
3936
3936
3936
3936
3936
3934
3934
3934
3904
3904
3880
3880
3880
3860
3860
3860
3860
3860
3860
3824
3824
3824
3824
3824
3824
3824
3824
3802
3802
3802
3802
3802
3802
3802
3802
3802
3802
3802
3802
3802
3802
3802
3802
3802
3802
3802
3802
3802
3802
3802
3802
3802
3802
3802
3802
3802
3802
3802
3802
3802
3802
3802
3802
3802
3802
3802
3802
3802
3802
3802
3802
3802
3802
3802
3802
3802
3802
3488
6.20311