3070
2864
2846
2788
2788
2718
2718
2718
2718
2718
2718
2718
2718
2718
2718
2718
2718
2718
2718
2718
2718
2718
2718
2718
2718
2718
2718
2718
2718
2718
2718
2718
2718
2718
2718
2718
2718
2718
2662
2662
2662
2662
2662
2662
2648
2648
2648
2648
2648
2648
2648
2648
2648
2648
2648
2648
2648
2648
2648
2648
2640
2640
2640
2640
2640
2640
2640
2640
2640
2640
2640
2640
2640
2640
2640
2640
2640
2640
2640
2640
2640
2640
2640
2640
2640
2640
2640
2640
2640
2640
2640
2640
2640
2640
2640
2640
2640
2640
2640
2640
2438
0.567374