3188
2944
2914
2910
2864
2856
2830
2780
2706
2706
2706
2706
2706
2706
2706
2706
2706
2706
2698
2698
2694
2694
2638
2638
2638
2638
2638
2638
2638
2638
2638
2638
2638
2638
2638
2638
2638
2638
2638
2638
2638
2638
2638
2638
2610
2610
2610
2610
2610
2610
2610
2610
2610
2610
2610
2610
2610
2610
2610
2610
2610
2610
2610
2610
2610
2610
2610
2610
2610
2610
2610
2610
2610
2610
2610
2610
2610
2610
2610
2610
2610
2610
2610
2610
2610
2602
2602
2602
2602
2602
2602
2602
2602
2602
2602
2602
2602
2602
2602
2602
2438
6.54465