6566
6338
6318
6080
6130
6162
6132
5974
6088
6086
5942
6070
5902
6010
6030
6028
6024
6040
6082
5830
5798
5930
6058
5992
6076
6046
6054
5968
6012
6010
6096
6144
6016
6022
6034
5846
5980
6084
6132
6080
6064
6108
6098
6086
6090
5962
6016
6166
6086
6060
6056
6008
6006
6098
6096
6006
6058
6094
6064
5990
5884
5908
6078
6010
6082
6110
6102
6078
6024
6068
5884
5938
5962
6074
6078
6062
5860
5822
6064
6050
6018
5912
5994
5890
5920
6034
6088
6088
6072
6026
6038
6082
6024
6070
6054
6046
6104
5940
6036
6112
5234
9.75606