6694
6694
6694
6694
6694
6694
6694
6694
6694
6628
6628
6628
6628
6628
6628
6628
6522
6522
6522
6522
6522
6522
6522
6522
6522
6482
6480
6480
6480
6480
6480
6480
6480
6474
6474
6474
6474
6474
6474
6474
6474
6474
6454
6454
6212
6212
6212
6212
6212
6212
6212
6212
6212
6212
6212
6212
6212
6212
6212
6212
6212
6212
6212
6212
6212
6212
6212
6212
6212
6212
6212
6212
6212
6212
6212
6212
6212
6212
6212
6212
6212
6212
6212
6212
6212
6118
6118
6118
6118
6118
6118
6118
6118
6118
6118
6118
6118
6118
6118
6118
5234
10.3118