6384
6272
6280
6272
6280
6272
6280
6272
6330
6272
6330
6272
6330
6272
6330
6272
6330
6254
6266
6246
6262
6252
6270
6246
6262
6252
6154
6116
6116
6116
6116
6116
6116
6116
6116
6116
6116
5980
5980
5898
5980
5898
5980
5898
5980
5898
5998
5898
5998
5898
5998
5898
5998
5898
5998
5898
5886
5894
5880
5886
5880
5886
5880
5886
5880
5804
5844
5840
5844
5840
5844
5840
5844
5840
5844
5840
5826
5826
5826
5826
5826
5826
5826
5826
5826
5826
5822
5822
5822
5822
5822
5822
5822
5822
5822
5822
5822
5832
5810
5832
5166
11.7456