4390
4390
4380
4324
4202
4198
4202
4166
4166
4202
4340
4250
4250
4220
4228
4228
4268
4268
4268
4246
4246
4158
4166
4166
4156
4174
4070
4174
4174
4174
4174
4156
4174
4174
4142
4150
4160
4074
4160
4146
4158
4136
4116
4074
4084
4084
4084
4084
4084
4084
4110
4110
4054
4098
4098
4098
3976
3976
3976
3976
3976
3976
4034
4034
4060
4036
3980
3980
3980
3980
3980
3970
3970
3970
3970
3970
3970
3970
3970
3970
3970
3970
3970
3970
3992
3982
3982
3982
3972
3972
3982
3982
3944
3944
3944
3944
3944
3944
3944
3944
3488
1.95017