3016
3004
2978
2978
2978
2978
2978
2878
2978
2958
2914
2958
2958
2958
2958
2958
3020
3058
3058
3042
3058
3014
3014
2936
2936
2870
2856
2856
2856
2856
2856
2856
2776
2776
2840
2840
2836
2842
2842
2842
2960
2944
2974
2928
2928
2928
2892
2892
2892
2936
2914
2930
2836
2836
2794
2932
2932
2932
2932
2896
2932
2932
2888
2888
2900
2900
2900
2934
2942
2978
2814
2814
2814
2814
2814
2814
2814
2814
2918
2918
2948
2874
2874
2874
2874
2874
2874
2874
2874
2940
2940
2850
2850
2960
2918
2942
2942
2934
2924
2900
2438
1.86785