2956
2932
2890
2868
2846
2778
2778
2778
2710
2710
2672
2648
2648
2648
2648
2648
2648
2648
2648
2648
2648
2640
2640
2640
2636
2636
2636
2636
2612
2598
2598
2598
2598
2598
2598
2562
2562
2562
2562
2562
2562
2562
2562
2554
2554
2554
2554
2554
2554
2554
2554
2554
2554
2554
2554
2554
2554
2554
2554
2554
2540
2540
2540
2540
2540
2540
2540
2540
2540
2540
2540
2540
2540
2534
2534
2534
2534
2534
2534
2534
2534
2534
2534
2534
2534
2534
2534
2534
2534
2534
2514
2514
2514
2514
2494
2494
2494
2494
2494
2494
2438
0.880199