4476
4296
4296
4278
4208
4180
4194
4180
4194
4180
4194
4180
4194
4180
4194
4180
4194
4202
4194
4202
4194
4202
4194
4202
4194
4202
4194
4202
4194
4202
4194
4118
4142
4118
4126
4118
4126
4118
4126
4118
4126
4118
4126
4118
4010
4014
4010
4014
4010
4014
4010
4014
4010
4014
4010
4014
4010
4014
3940
3980
3940
3980
3940
3980
3940
3980
3940
3980
3940
3980
3940
3980
4024
3980
4024
3980
4024
3980
4024
3980
4024
3980
4024
3980
4024
3990
4002
3950
3986
3950
3986
3950
3986
3950
3986
3950
3986
3950
3912
3936
3488
8.39481