6514
6452
6452
6572
6552
6552
6546
6508
6508
6508
6394
6466
6440
6482
6482
6412
6444
6422
6402
6280
6280
6280
6280
6280
6280
6280
6224
6224
6262
6280
6236
6236
6236
6236
6270
6270
6206
6282
6282
6332
6332
6332
6260
6080
6080
6080
6080
6332
6332
6332
6332
6290
6328
6292
6312
6310
6290
6290
6302
6280
6192
6210
6210
6134
6134
6196
6188
6156
6156
6186
6186
6186
6156
6166
6212
6086
6038
6038
6038
6038
6038
6020
5892
5892
6038
5976
6038
6038
6038
6038
6038
6038
6038
5970
5970
6034
6034
6034
5940
5940
5234
2.0806