6706
6520
6560
6520
6560
6520
6560
6366
6378
6302
6360
6302
6394
6302
6394
6302
6394
6302
6238
6302
6238
6302
6238
6302
6238
6302
6238
6302
6232
6204
6204
6204
6204
6204
6204
6204
6204
6204
6204
6204
6114
6074
6074
6074
6074
6074
6074
6074
6074
6074
6074
6074
6018
5998
5998
5998
5998
5998
5998
6006
6016
6006
6016
6006
6016
6006
6016
6006
6016
5892
5946
5954
5986
5968
5988
5942
5976
5964
5912
5994
5994
5994
5994
5994
5994
5994
5994
5994
5994
5994
5994
5858
5948
5858
5948
5858
5948
5858
5948
5858
5234
10.7686