6248
6214
5904
5944
6024
5976
5926
5954
6010
5932
6038
5838
5962
6050
6022
5904
5962
5992
5976
6074
6038
6012
6090
5966
5992
5930
5984
5870
6046
5912
5972
5958
5826
5958
6000
6028
6016
5962
5986
5918
5922
5904
5976
5994
6014
6006
5912
5984
5994
5952
5930
6058
6048
5964
5916
6034
6006
5966
5994
5990
5988
5970
5950
5962
5986
5924
5814
5906
5982
6012
6056
5960
5942
6026
6012
5968
6026
6004
5988
5966
5962
6064
6052
5974
6070
5962
5972
5858
5992
5996
6002
6022
5966
6006
5898
5980
6018
6050
5982
6006
5166
10.452