6452
6290
6244
6072
6000
5904
5904
5904
5820
5820
5820
5820
5750
5732
5732
5732
5732
5730
5730
5730
5716
5696
5696
5696
5696
5696
5696
5646
5646
5646
5646
5646
5646
5646
5626
5626
5626
5626
5578
5578
5578
5578
5578
5578
5570
5570
5570
5570
5570
5564
5564
5564
5564
5564
5564
5560
5560
5560
5536
5536
5488
5488
5488
5488
5488
5488
5488
5488
5488
5488
5488
5488
5488
5488
5488
5488
5488
5488
5488
5488
5488
5488
5488
5488
5488
5488
5488
5488
5488
5488
5488
5488
5488
5488
5480
5480
5480
5480
5480
5480
5166
1.04433