6542
6386
6238
6176
6124
6066
6058
6014
5986
5986
5986
5986
5980
5946
5922
5908
5908
5908
5908
5846
5846
5844
5844
5844
5818
5786
5786
5786
5786
5776
5776
5776
5776
5776
5776
5776
5760
5760
5760
5760
5760
5760
5760
5760
5760
5760
5760
5760
5760
5760
5760
5760
5760
5760
5760
5760
5760
5760
5760
5684
5684
5684
5684
5684
5684
5684
5684
5684
5684
5684
5684
5684
5684
5684
5684
5684
5684
5684
5684
5684
5684
5684
5684
5684
5684
5684
5684
5684
5684
5684
5684
5684
5684
5684
5684
5684
5684
5684
5684
5684
5234
7.27072