3088
2998
2968
2958
2958
2958
2958
2958
2958
2958
2958
2958
2958
2958
2958
2928
2928
2928
2928
2928
2928
2928
2928
2928
2928
2928
2928
2928
2928
2928
2928
2928
2778
2862
2718
2874
2754
2864
2758
2874
2754
2864
2758
2874
2754
2864
2758
2874
2754
2754
2754
2754
2754
2754
2754
2754
2754
2754
2754
2754
2754
2754
2754
2754
2754
2754
2754
2786
2778
2786
2778
2786
2778
2786
2778
2786
2778
2786
2800
2786
2800
2786
2800
2786
2810
2786
2810
2786
2810
2786
2810
2786
2810
2846
2832
2846
2882
2832
2858
2846
2438
7.78595