4452
4352
4242
4188
4120
4090
4072
4002
3952
3952
3952
3888
3888
3888
3888
3888
3850
3850
3812
3812
3812
3812
3786
3786
3786
3786
3786
3786
3732
3732
3732
3732
3732
3732
3732
3732
3732
3732
3732
3732
3732
3732
3732
3704
3704
3704
3704
3704
3704
3704
3704
3686
3686
3686
3686
3686
3686
3666
3666
3666
3666
3666
3666
3666
3666
3666
3630
3630
3630
3630
3630
3630
3630
3630
3630
3630
3630
3630
3630
3630
3630
3630
3630
3630
3630
3630
3630
3630
3630
3630
3630
3630
3630
3630
3630
3630
3630
3630
3630
3630
3488
1.26726