6486
6390
6348
6208
6072
6072
6072
6072
6044
6006
5974
5862
5862
5862
5818
5818
5818
5818
5786
5752
5752
5752
5752
5752
5752
5658
5658
5658
5658
5658
5658
5646
5646
5646
5646
5630
5630
5630
5630
5630
5630
5630
5630
5630
5630
5630
5630
5620
5620
5620
5620
5566
5564
5564
5564
5564
5510
5510
5510
5510
5510
5510
5510
5510
5510
5510
5486
5486
5486
5486
5486
5486
5486
5442
5442
5442
5442
5442
5442
5442
5406
5406
5406
5406
5406
5406
5406
5406
5406
5406
5406
5406
5406
5406
5406
5406
5406
5406
5406
5406
5234
1.61864