2986
2986
2986
2986
2986
2986
2986
2986
2986
2986
2986
2986
2986
2986
2986
2986
2986
2986
2986
2986
2986
2986
2986
2986
2986
2986
2986
2986
2986
2986
2986
2986
2986
2986
2986
2986
2986
2986
2986
2986
2986
2986
2986
2986
2986
2986
2986
2986
2986
2986
2986
2986
2986
2986
2986
2986
2986
2986
2986
2986
2986
2986
2986
2986
2986
2986
2986
2986
2986
2986
2986
2986
2986
2986
2986
2986
2986
2986
2986
2986
2986
2986
2986
2986
2986
2986
2958
2958
2958
2958
2958
2958
2958
2958
2958
2958
2958
2958
2958
2912
2438
19.4972