4330
4284
4330
4424
4314
4314
4260
4366
4366
4366
4366
4356
4256
4256
4276
4248
4224
4326
4326
4282
4248
4312
4254
4254
4254
4254
4254
4254
4254
4256
4228
4000
4000
4000
4000
4000
4000
4000
4000
4000
4000
4000
4312
4252
4264
4266
4112
4112
4268
4294
4300
4300
4236
4194
4194
4194
4158
4158
4220
4170
4216
4216
4216
4216
4216
4216
4146
4146
4146
4146
4146
4146
4146
4146
4146
4146
4146
4146
4146
4146
4146
4146
4146
4146
4146
4146
4146
4136
4146
4146
4146
4146
4146
4138
4056
4138
4138
4138
4004
4004
3488
0.414578