6686
6214
6104
6104
6034
5892
5892
5892
5892
5878
5878
5878
5878
5878
5878
5878
5878
5878
5864
5864
5838
5838
5838
5838
5838
5838
5826
5826
5826
5826
5778
5778
5778
5778
5778
5778
5778
5778
5778
5778
5778
5778
5778
5778
5778
5778
5778
5778
5778
5754
5754
5754
5754
5754
5754
5754
5754
5754
5754
5754
5754
5754
5754
5754
5754
5754
5754
5754
5754
5754
5754
5716
5716
5716
5716
5716
5716
5716
5716
5716
5710
5710
5710
5710
5710
5710
5706
5706
5706
5706
5706
5706
5706
5706
5706
5706
5706
5706
5706
5706
5234
0.65256