6566
6482
6482
6446
6446
6468
6330
6330
6330
6330
6330
6330
6330
6256
6256
6262
6262
6262
6246
6262
6262
6256
6256
6198
6224
6166
6166
6166
6166
6166
6166
6166
6166
6166
6166
6256
6256
6158
6158
6248
6284
6284
6242
6242
6242
6232
6232
6232
6232
6232
6232
6232
6152
6152
6152
6152
6152
6152
6152
6152
6152
6152
6170
6140
6232
6232
6232
6232
6172
6172
6188
6188
6188
6188
6188
6086
6142
6142
6232
6232
6274
6274
6274
6274
6240
6240
6240
6240
6240
6182
6182
6182
6182
6182
6182
6182
6182
6182
6182
6182
5166
0.157668