6458
6458
6458
6458
6458
6458
6378
6378
6378
6378
6378
6378
6378
6378
6378
6378
6378
6378
6378
6378
6378
6378
6378
6378
6378
6378
6378
6378
6378
6378
6378
6378
6378
6378
6378
6378
6378
6378
6378
6378
6378
6378
6378
6378
6378
6378
6378
6378
6378
6378
6378
6378
6378
6378
6378
6378
6378
6378
6378
6378
6378
6378
6378
6378
6378
6378
6378
6334
6334
6334
6334
6334
6334
6334
6334
6334
6334
6334
6334
6334
6334
6334
6334
6334
6334
6334
6334
6334
6334
6334
6334
6334
6334
6334
6334
6334
6334
6334
6334
6334
5166
14.4385