3068
3106
2986
3010
2976
2976
2976
3024
3022
2904
2910
2910
2910
2910
2980
2980
2964
2996
2996
2986
2974
2954
2920
2920
2920
2920
2920
2920
2996
2998
2998
2998
2974
2974
2930
3002
2892
2892
2892
2892
2960
3002
2960
2940
2940
2940
2938
2938
2938
2938
2938
2938
2938
2938
2938
2870
2870
2870
2870
2870
2870
2870
2870
2870
2870
2870
2870
2870
2846
2846
2846
2828
2870
2870
2870
2870
2870
2870
2870
2870
2870
2870
2862
2862
2870
2870
2870
2930
2930
2930
2930
2932
2932
2932
2932
2932
2932
2932
2932
2932
2438
0.328309