6454
6292
6248
6160
6072
5958
5884
5884
5884
5884
5884
5884
5884
5782
5782
5782
5782
5782
5782
5782
5782
5782
5782
5782
5782
5782
5782
5782
5782
5782
5762
5762
5744
5744
5744
5744
5744
5744
5744
5744
5744
5744
5744
5744
5744
5744
5744
5744
5744
5744
5744
5732
5708
5708
5708
5708
5708
5708
5708
5708
5708
5708
5708
5708
5708
5692
5692
5692
5692
5692
5692
5692
5692
5692
5692
5692
5692
5692
5692
5692
5692
5684
5684
5684
5684
5684
5668
5668
5668
5668
5668
5668
5668
5668
5668
5668
5668
5668
5668
5668
5166
12.1338