3016
3000
2950
2796
2824
2830
2854
2870
2886
2756
2804
2868
2856
2796
2888
2778
2828
2816
2734
2870
2764
2842
2776
2774
2784
2738
2796
2846
2868
2774
2852
2816
2832
2854
2696
2754
2868
2818
2782
2720
2860
2812
2770
2732
2724
2768
2728
2810
2730
2808
2792
2822
2800
2816
2896
2880
2900
2854
2828
2796
2784
2810
2762
2798
2824
2836
2824
2816
2812
2834
2828
2810
2860
2822
2812
2856
2858
2822
2800
2804
2654
2816
2776
2784
2888
2794
2840
2766
2820
2816
2792
2822
2888
2880
2810
2806
2868
2856
2830
2810
2438
5.21632