4440
4440
4396
4350
4350
4350
4350
4350
4350
4350
4350
4350
4350
4350
4350
4350
4350
4350
4350
4350
4350
4350
4350
4350
4254
4254
4254
4254
4254
4254
4254
4254
4254
4254
4254
4254
4254
4254
4254
4254
4254
4254
4254
4254
4254
4254
4254
4254
4254
4254
4254
4254
4254
4254
4254
4254
4254
4254
4254
4254
4254
4254
4254
4254
4254
4254
4254
4254
4254
4254
4254
4254
4254
4254
4254
4254
4254
4254
4254
4254
4254
4254
4254
4254
4254
4254
4254
4254
4254
4254
4254
4254
4254
4254
4254
4254
4254
4254
4254
4254
3488
11.1841