6318
6256
6256
6318
6318
6318
6298
6298
6270
6188
6188
6188
6188
6188
6270
6296
6296
6296
6290
6280
6280
6204
6114
6114
6252
6208
6164
6164
6200
6296
6262
6218
6230
6230
6114
6114
6114
6146
6146
6100
6100
6100
6100
6100
6100
6100
6132
6132
6128
6156
6156
6148
6148
6156
6160
6160
6160
6160
6112
6112
6160
6216
6206
6126
6216
6164
6036
6036
6036
6036
6036
6140
6120
6136
6140
6110
6110
6034
6034
6122
6022
6122
6122
6122
6122
6116
5872
5872
5872
5872
5872
5872
5872
5872
5872
5872
5872
5872
5872
5872
5166
1.36751