4300
4216
4150
4076
4040
3994
4138
4080
4116
4058
4046
4024
4042
4060
4064
4120
4120
4002
4076
4052
4048
4094
4022
4004
4118
4126
4072
4148
4104
4044
4026
4070
4006
3966
4002
3952
4034
4012
3996
3940
4004
4014
4004
4040
4068
4060
4046
4020
4052
3924
4060
4076
4020
4058
4138
4064
4018
3978
4012
4070
4074
4120
4122
4116
4090
4078
4136
4100
4084
4068
4070
4122
4114
4084
4046
3990
4058
4044
4090
4058
4114
4104
4046
4036
4056
4138
4084
4126
4092
4064
4056
4088
4032
4028
4092
4080
4032
3936
3958
4010
3488
10.5486