6548
6108
6108
5980
5980
5932
5904
5904
5854
5854
5854
5854
5854
5854
5854
5854
5854
5854
5854
5808
5808
5808
5808
5808
5808
5808
5808
5808
5808
5808
5808
5808
5808
5808
5808
5786
5786
5786
5786
5778
5740
5740
5730
5730
5730
5730
5730
5730
5688
5688
5688
5688
5688
5688
5688
5688
5688
5688
5688
5688
5688
5688
5688
5688
5688
5688
5688
5688
5688
5688
5688
5688
5648
5648
5648
5648
5648
5648
5648
5648
5648
5648
5648
5648
5648
5648
5648
5648
5648
5648
5648
5648
5648
5648
5648
5648
5648
5648
5648
5648
5166
0.582669