175558
175228
175228
175172
175702
175338
175338
175338
175338
175166
175200
175200
174510
174510
174232
173944
173944
174108
174108
173656
174108
174108
174146
174468
173740
174314
173902
173902
173902
174028
173554
173554
173192
172362
172362
172160
171208
171208
171202
171202
170038
171202
172194
171804
171418
171364
171364
171364
171364
171300
171300
171292
170950
173416
173470
173364
173364
173262
172424
172424
172424
172732
172680
172472
172680
172522
172176
171830
171830
171830
171622
171622
171622
171622
171620
171620
171620
171892
171892
171718
172110
172110
172110
172110
171700
171786
171940
171522
171260
171640
171294
171414
171414
171414
171414
171396
170998
170998
170878
170638
152002
9.02503