175622
175622
175622
175622
175622
175410
175300
175300
175300
175300
175300
175014
175014
175014
175014
175014
175014
174406
174220
173798
173468
173334
173158
172688
172304
172304
172304
172304
172304
172304
172304
172304
172304
172304
172304
172304
172304
172304
172304
172164
172164
172164
172164
172164
172164
172164
172164
172164
172164
172164
172164
171892
171892
171892
171768
171768
171768
171768
171768
171768
171768
171768
171768
171768
171768
171768
171768
171768
171768
171760
171760
171760
171760
171760
171760
171760
171282
171282
171282
171282
171282
171282
171282
171282
171282
171282
171282
171282
170686
170686
170686
170686
170686
170674
170110
169980
169980
169980
169980
169936
152002
103.051