174536
174062
173668
173056
173032
172780
172672
172310
171762
171378
171378
170798
170316
169972
169616
169696
169488
169502
169164
168580
168046
168206
168206
168114
168222
167256
167256
167302
167214
167214
167194
167230
167006
167174
166890
166974
166930
167068
167044
167084
166774
165980
165828
165688
165398
165398
165730
165238
165166
165092
165962
165966
166026
165792
166418
166176
166176
166438
166322
166276
166322
166318
166048
166048
165724
165724
165806
165722
165698
165498
165626
165782
165732
165820
165770
165706
165718
165718
165858
165428
165492
165492
165468
166232
166036
165738
165700
165506
165758
165460
165616
165524
165596
165630
165602
165602
165602
165544
165680
165702
152002
105.206