175558
175558
175226
175008
174962
174444
174444
174356
174030
173898
174232
173954
173886
173082
173082
172686
172686
172686
172686
172686
171772
171772
171772
171772
171772
171772
171772
171466
171466
171466
171466
171466
172658
172658
172658
172658
172294
172658
172658
172658
172658
172658
172606
172184
172184
171408
172184
172352
171848
171848
171848
171848
171848
171848
171848
171848
171790
171790
171774
171548
171548
171318
171318
171166
171166
171318
171084
171318
171318
171070
171318
170778
171022
170814
170906
171022
171022
170170
170170
170716
171018
171022
171022
171042
171042
171042
171042
171042
171188
170914
171036
171038
170236
170236
170236
170686
170928
170928
170928
170924
152002
2.04611