175558
175076
174988
174856
174326
173922
173592
173248
172680
171230
171230
171028
171028
170908
170638
170406
170278
170088
170082
169792
169700
169370
168782
168782
168658
168224
167722
167722
167450
167450
167446
167158
167158
167158
167094
167094
167094
166684
166684
166684
166388
166388
166322
166320
166302
165990
165598
165598
165366
165234
165234
165234
165234
165118
165118
165118
165118
165118
165118
165118
165090
164882
164882
164882
164882
164882
164882
164774
164774
164774
164774
164534
164458
164458
164458
164328
164328
164276
164276
164276
164276
164244
164244
164244
164244
164044
164044
163630
163630
163630
163518
163518
163518
163518
163518
163446
163446
163446
163446
163374
152002
10.0909