175558
172136
170108
169994
169002
168404
168292
168176
167768
167744
167744
167636
167462
167292
167280
167202
167202
167202
167200
167200
167010
167010
166916
166530
166530
166530
166530
166530
166530
166298
166298
166298
166146
166146
166146
166146
166146
166146
166146
166114
166114
166114
166114
166114
166114
166114
165990
165990
165990
165990
165990
165990
165990
165990
165990
165744
165744
165386
165386
165386
165386
165386
165386
165386
165386
165386
165372
165372
165372
165372
165372
165372
165372
165372
165372
164998
164998
164998
164998
164998
164998
164998
164998
164998
164998
164998
164998
164520
164520
164520
164520
164520
164520
164520
164520
164520
164520
164520
164520
164520
152002
6.73639