175192
174462
173868
173056
172460
172144
171532
171088
170592
170592
170120
169930
169726
169372
169118
168662
168662
168622
168278
168278
168250
168250
168018
167872
167650
167514
167514
167514
167514
167370
166828
166828
166592
166592
166592
166498
166490
166490
166450
166450
166118
166118
166118
166024
166024
166024
166024
166024
166024
166024
165928
165892
165890
165890
165798
165796
165796
165796
165696
165696
165696
165696
165696
165696
165696
165696
165696
165682
165588
165412
165412
165412
165412
165412
165404
165404
165404
165404
165404
165404
165152
165152
165112
165112
164980
164980
164980
164980
164980
164980
164870
164870
164870
164870
164870
164870
164870
164810
164810
164710
152002
76.5986