174022
172680
172146
171582
171150
170288
170188
169636
169450
169286
169422
169396
169020
169208
168756
169182
168762
168214
168030
168374
168306
168454
167978
168166
168082
167854
167972
168274
168328
168096
168266
168116
168146
168370
168256
167976
168094
168276
167714
167836
167484
167956
167838
168148
167848
167820
167754
167940
167932
167762
167880
167318
167438
167154
167150
167844
168030
167506
167746
168050
167610
167262
167382
167620
167902
167764
167930
168044
167808
167810
168268
168222
167138
167554
167250
167476
167668
167768
167824
166946
167246
166770
166652
166810
167386
166666
166362
166782
167090
167334
167738
167966
167608
167454
167864
167756
167644
167158
167134
167220
152002
102.873