19198
18886
18782
18782
18716
18748
18648
18686
18648
18784
18776
18648
18790
18776
18686
18720
18686
18720
18686
18588
18548
18524
18524
18524
18344
18348
18344
18348
18344
18348
18418
18358
18418
18358
18418
18456
18400
18452
18400
18452
18332
18332
18332
18332
18332
18230
18218
18226
18246
18206
18226
18152
18150
18178
18150
18118
18110
18106
18032
18106
18032
18052
17962
17968
17962
17968
17962
17990
17964
17960
17962
17960
17904
17906
17904
17960
17904
17906
17792
17904
17906
17792
17904
17798
17718
17772
17718
17772
17762
17832
17762
17748
17762
17748
17772
17748
17772
17748
17772
17716
15812
19.0613