19048
19048
19048
19116
18982
18982
18982
18884
18770
18770
18770
18770
18770
18770
18770
18770
18770
18698
18698
18698
18698
18860
18860
18900
18864
18794
18772
18864
18830
18830
18830
18620
18810
18824
18742
18726
18654
18322
18322
18512
18726
18606
18586
18586
18586
18512
18512
18586
18682
18656
18656
18536
18536
18536
18536
18682
18702
18492
18836
18498
18646
18490
18490
18490
18646
18610
18610
18482
18482
18482
18482
18524
18710
18634
18634
18168
18636
18632
18632
18632
18540
18534
18540
18548
18440
18440
18440
18440
18440
18390
18390
18390
18520
18520
18442
18442
18386
18334
18328
18328
15812
0.339406