28106
27944
28106
27914
27914
27914
27494
27494
27444
27444
27328
27328
27328
27162
27162
27072
27072
27072
27072
27044
27044
27044
27044
27054
27054
27090
27026
27026
27026
27026
27026
27090
27090
27090
27090
27090
27376
27268
27268
27376
27376
27254
27376
27088
27088
27088
27088
27088
27088
27088
27088
27088
27088
27088
27088
27088
27088
27088
27088
26960
26960
26960
26960
26960
26960
26960
27274
27348
27366
27174
27174
27062
26924
27062
27062
27062
27062
27062
27062
27062
27062
27100
27190
27190
27218
27218
26932
26932
26932
26932
26932
26932
26932
26932
26932
26932
26932
26932
26844
26844
23386
0.371132