19556
19494
19266
19266
19170
19170
19068
19016
19192
19192
19192
19018
19066
19026
18918
18826
18818
18760
18840
18806
18806
18662
18668
18644
18682
18682
18682
18636
18592
18682
18692
18666
18800
18698
18484
18484
18484
18462
18462
18462
18384
18384
18470
18502
18494
18368
18368
18502
18502
18502
18502
18478
18478
18432
18398
18398
18390
18464
18464
18430
18192
18304
18406
18362
18362
18362
18362
18362
18342
18342
18226
18326
18290
18234
18222
18222
18222
18044
18316
18316
18316
18316
18316
18262
18244
18262
18316
18304
18284
18284
18284
18284
18274
18274
18216
18216
18216
18216
18216
18216
15812
2.2869