19378
18984
18648
18642
18506
18486
18372
18302
18150
18036
18036
18020
17938
17938
17938
17938
17938
17708
17708
17708
17708
17708
17708
17708
17640
17640
17640
17640
17640
17640
17640
17640
17640
17640
17640
17640
17640
17640
17640
17640
17640
17640
17640
17640
17640
17640
17588
17588
17588
17588
17588
17564
17564
17564
17564
17564
17564
17564
17556
17552
17550
17550
17550
17550
17550
17550
17550
17516
17516
17516
17516
17516
17516
17516
17516
17516
17516
17516
17516
17338
17338
17338
17338
17338
17338
17338
17338
17338
17338
17338
17338
17338
17338
17338
17338
17338
17338
17338
17338
17338
15812
10.6522