27906
27172
26900
26762
26604
26476
26476
26476
26280
26280
26280
26280
26280
26244
26244
26244
26134
26134
25968
25968
25968
25968
25968
25968
25968
25960
25960
25960
25960
25886
25886
25886
25886
25886
25886
25806
25806
25806
25806
25806
25806
25806
25806
25806
25806
25806
25806
25806
25806
25806
25806
25806
25806
25806
25806
25806
25806
25806
25806
25806
25806
25806
25806
25806
25806
25806
25806
25806
25806
25806
25806
25806
25806
25806
25806
25806
25806
25806
25806
25806
25678
25678
25678
25678
25678
25678
25678
25678
25678
25678
25678
25678
25678
25678
25678
25678
25678
25678
25678
25678
23386
1.56748