28182
27664
27402
27306
26974
26706
26706
26604
26604
26604
26604
26544
26544
26468
26386
26386
26352
26264
25882
25882
25882
25882
25882
25882
25882
25882
25882
25882
25882
25882
25882
25848
25848
25704
25704
25704
25704
25704
25704
25704
25704
25704
25704
25704
25704
25656
25656
25656
25656
25656
25656
25656
25656
25656
25656
25656
25656
25656
25656
25656
25656
25656
25656
25656
25656
25656
25646
25646
25646
25646
25520
25520
25520
25520
25520
25520
25520
25520
25520
25520
25472
25396
25396
25396
25366
25366
25366
25366
25366
25366
25366
25366
25366
25366
25366
25366
25366
25366
25366
25366
23386
14.2214