27970
27862
27638
27616
27560
27194
27184
27188
27184
27248
27220
27248
27220
27240
27118
27124
27194
27132
27166
27132
27166
27090
26978
27118
27096
26872
27028
26872
26948
26992
26916
26992
26916
26816
26820
26816
26820
26692
26692
26692
26692
26648
26596
26680
26648
26488
26488
26488
26488
26452
26452
26452
26452
26356
26376
26356
26230
26292
26330
26222
26346
26274
26210
26270
26210
26190
26202
26166
26186
26310
26196
26186
26254
26220
26190
26150
26190
26228
26222
26250
26222
26082
26118
26082
26118
26114
26118
26114
26118
26114
26114
26114
26114
26030
25984
25984
25984
25968
25984
25968
23386
25.1181