19054
19054
19054
19054
19054
19054
19054
19054
19054
19054
19054
19054
19054
19054
19054
19054
19054
19054
19054
19054
19054
19054
19054
19054
19054
19054
19024
19024
19024
19024
19024
19024
19024
19024
19024
19024
19024
19024
19024
19024
19024
19024
19024
19024
19024
19024
19024
19024
19024
19024
19024
18908
18908
18908
18908
18908
18676
18676
18676
18676
18676
18676
18676
18676
18676
18352
18352
18352
18352
18352
18352
18352
18352
18352
18352
18352
18352
18352
18352
18352
18352
18352
18352
18352
18352
18352
18352
18352
18352
18352
18352
18352
18352
18352
18352
18352
18352
18352
18352
18352
15812
26.5953