28156
27876
28032
28052
27528
27760
27912
27824
27824
27652
27652
27608
27594
27342
27540
27596
27534
27608
27488
27398
27394
27476
27476
27378
27382
27356
27238
27238
27238
27238
27238
27238
27234
26970
26874
26692
26692
26682
26926
26926
26934
26850
26942
26938
26938
26852
26852
26852
26792
26798
26798
26798
26798
26790
26790
26742
26742
26650
26626
26742
26728
26630
26630
26570
26526
26486
26486
26486
26486
26472
26472
26314
26472
26378
26378
26378
26378
26362
26362
26362
26330
26362
26362
26362
26354
26562
26562
26534
26454
26454
26454
26454
26486
26486
26486
26486
26486
26486
26486
26486
23386
2.60473