27928
27896
27896
27896
27816
27750
27680
27440
27440
27440
27440
27440
27440
27440
27440
27440
27440
27440
27440
27440
27440
27440
27440
27440
27440
27440
27440
27440
27440
27440
27440
27440
27440
27440
27440
27440
27440
27440
27440
27440
27440
27440
27440
27440
27440
27440
27440
27440
27440
27440
27440
27440
27440
27440
27440
27440
27436
27434
27434
27434
27434
27388
27388
27388
27388
27388
27388
27388
27268
27234
27234
27234
27234
27234
27234
27234
27234
27234
27234
27234
27234
27234
27234
27234
27234
27234
27234
27234
27234
27234
27234
27230
27230
27230
27230
27230
27230
27230
27230
27146
23386
30.2041