28048
27690
27476
27034
26420
26432
26528
26702
26630
26624
26684
26702
26700
26744
26632
26468
26574
26588
26596
26392
26498
26506
26532
26486
26342
26616
26390
26566
26480
26516
26442
26514
26422
26350
26508
26508
26376
26496
26518
26542
26598
26408
26382
26406
26564
26628
26484
26562
26702
26630
26676
26608
26406
26488
26474
26534
26530
26484
26554
26576
26526
26498
26368
26432
26292
26336
26622
26596
26436
26448
26472
26594
26312
26384
26490
26564
26414
26648
26684
26666
26440
26448
26522
26588
26460
26336
26504
26532
26422
26492
26366
26508
26524
26554
26546
26568
26672
26662
26688
26616
23386
24.0114