19392
18980
18738
18598
18550
18376
18350
18350
18264
18132
18026
17990
17902
17902
17830
17758
17758
17758
17694
17690
17690
17600
17600
17600
17600
17600
17472
17472
17472
17472
17462
17410
17336
17336
17336
17336
17336
17336
17336
17252
17252
17252
17252
17252
17252
17252
17252
17252
17252
17252
17186
17186
17186
17186
17168
17154
17154
17154
17154
17058
17058
17058
17058
17058
17058
17058
17058
17058
17058
17058
16926
16926
16926
16926
16926
16926
16926
16926
16908
16908
16908
16908
16908
16908
16892
16892
16862
16862
16862
16862
16862
16862
16862
16862
16862
16862
16862
16862
16862
16862
15812
2.13516