28028
27880
27366
27286
27172
26928
26740
26708
26472
26472
26350
26300
26300
26300
26300
26050
25984
25984
25904
25904
25904
25904
25904
25904
25904
25858
25858
25716
25716
25716
25696
25648
25648
25648
25648
25648
25648
25422
25394
25386
25310
25310
25310
25310
25310
25310
25310
25310
25310
25180
25180
25152
25152
24988
24988
24988
24988
24988
24988
24988
24988
24988
24988
24988
24988
24988
24988
24988
24988
24954
24954
24954
24954
24954
24954
24954
24834
24834
24718
24718
24682
24674
24674
24674
24674
24674
24674
24674
24674
24652
24652
24652
24652
24652
24652
24652
24652
24652
24652
24652
23386
2.49859