19246
18548
18440
18168
18168
18154
18154
18118
18004
18004
17886
17886
17886
17886
17886
17668
17668
17668
17668
17668
17576
17576
17576
17576
17576
17576
17576
17576
17576
17576
17576
17532
17532
17532
17532
17532
17532
17532
17532
17532
17532
17532
17532
17532
17532
17532
17532
17532
17532
17532
17532
17532
17532
17532
17494
17494
17494
17494
17494
17494
17494
17494
17494
17494
17494
17494
17494
17494
17494
17494
17494
17494
17452
17452
17452
17452
17452
17452
17452
17452
17394
17394
17394
17394
17394
17394
17394
17394
17394
17394
17394
17394
17394
17394
17394
17394
17394
17394
17394
17394
15812
1.16098