41358
41402
41402
41402
41348
41348
41218
41324
41324
40972
41026
41026
40954
41126
40958
40958
41100
40786
41028
41028
40860
40860
40706
40480
40374
40374
39910
39910
40374
40200
40200
40574
40574
40396
40170
40010
40170
40326
40326
40326
40274
40142
40142
40088
39878
39850
39850
39980
39976
39868
39868
39868
39708
39528
39728
39810
39810
39810
39720
39832
39958
39750
39636
39754
39754
39670
39670
39670
39670
39466
39466
39466
39274
39274
39274
39274
39274
39274
39178
39178
39178
39178
39178
39178
39178
39178
39178
39178
39178
39170
39170
39294
39086
39086
39086
39086
39086
39086
39086
39086
34458
3.1193