41342
41272
41272
40888
40888
40888
40888
40888
40888
40888
40888
40888
40888
40888
40888
40888
40716
40716
40716
40716
40716
40716
40716
40716
40716
40366
40366
40290
40222
40222
40102
40102
39984
39906
39906
39906
39906
39794
39794
39774
39774
39774
39766
39766
39766
39766
39766
39766
39766
39766
39766
39766
39766
39766
39766
39766
39766
39766
39766
39766
39766
39676
39676
39676
39676
39676
39676
39676
39676
39676
39676
39676
39676
39676
39676
39676
39676
39676
39676
39676
39676
39676
39676
39570
39570
39570
39570
39570
39570
39570
39566
39566
39566
39566
39566
39516
39516
39516
39516
39516
34458
37.4405