41386
40778
40286
39978
40008
39544
39686
39538
39428
39510
39440
39180
39106
39092
39154
39178
38918
39070
38956
39124
39046
38790
39070
39094
39108
39280
39096
38912
38524
38870
39036
39066
38958
38874
38952
38690
38930
38828
38938
39222
39264
38886
39078
39174
39100
39078
38962
38994
39176
39042
39046
39046
38932
38860
38986
39044
38942
38894
38908
38794
38584
38782
38912
38880
38844
39012
38602
38578
38880
39098
39144
39072
38892
39054
39206
39346
38902
38868
38796
39056
39096
39118
38554
38302
38558
38742
38952
39020
38750
38698
39074
39132
38898
38908
38630
38818
38976
38852
38736
38824
34458
31.2125