41228
41224
40512
40194
40152
39790
39588
39578
39372
39110
39110
39110
39054
39054
38878
38688
38688
38688
38688
38688
38688
38628
38628
38628
38590
38590
38590
38590
38590
38582
38582
38378
38378
38246
38246
38246
38192
38192
38192
38192
38192
38192
38192
38192
38138
37982
37982
37982
37982
37982
37982
37982
37982
37982
37982
37982
37982
37982
37982
37982
37982
37982
37982
37982
37982
37982
37982
37982
37982
37982
37910
37910
37910
37910
37910
37806
37806
37806
37806
37806
37750
37750
37750
37750
37750
37750
37726
37726
37726
37726
37726
37726
37726
37726
37726
37676
37676
37676
37676
37630
34458
32.4706