41500
41188
41188
40930
40930
40930
40856
40754
40836
40586
40586
40720
40774
40762
40790
40730
40680
40504
40304
40304
40402
40402
40402
40370
40396
40360
40360
40360
40118
40118
40092
40092
40092
40092
40218
40144
40144
40360
40288
40152
40152
40152
40008
40004
40004
40008
40008
40160
40160
40160
40044
40070
40004
39678
40070
39770
39770
39770
40008
40008
40008
39864
40008
39862
39862
39862
39860
39860
39860
39780
39780
39672
39672
39632
39632
39632
39632
39632
39632
39626
39632
39632
39632
39632
39632
39632
39632
39632
39632
39632
39902
39678
39678
39524
39410
39570
39318
39570
39570
39562
34458
0.43178