41596
41432
40700
40480
40480
40412
39940
39884
39740
39590
39392
39392
39328
39262
39114
39114
39024
39024
39024
38860
38796
38604
38540
38540
38478
38448
38390
38130
38078
38078
38078
38060
38060
38006
38006
38006
38006
38006
37988
37988
37988
37950
37850
37850
37850
37788
37788
37788
37788
37788
37720
37720
37720
37720
37696
37612
37612
37606
37606
37606
37606
37548
37544
37514
37378
37358
37250
37250
37250
37250
37250
37250
37250
37250
37250
37250
37250
37250
37250
37250
37250
37250
37250
37250
37190
37162
37162
37162
37162
37162
37162
37162
37162
37162
37162
37162
37162
37162
37106
37106
34458
2.99942