41488
40228
39456
39404
39172
38910
38910
38910
38788
38788
38788
38788
38788
38648
38520
38520
38520
38520
38520
38520
38520
38520
38520
38520
38520
38520
38520
38430
38430
38430
38430
38430
38430
38242
38242
38242
38242
38242
38242
38242
38242
38242
38242
38242
38242
38242
38242
38242
38242
38242
38202
38202
38202
38202
38202
38202
38202
38202
38202
38182
38182
38040
38040
38040
38040
38040
38040
38040
38040
38040
38040
38040
38040
38040
38040
37936
37936
37936
37936
37936
37936
37936
37936
37936
37936
37936
37936
37936
37936
37884
37884
37878
37878
37878
37878
37878
37878
37878
37878
37878
34458
1.72722