41582
41298
40996
41020
40890
40702
40646
40554
40330
40316
40298
40228
40144
40144
39964
39972
39964
39890
39920
39890
39616
39584
39584
39500
39516
39500
39706
39500
39706
39284
39602
39284
39248
39312
39248
39312
39312
39312
39246
39064
39238
39052
39076
39052
39076
39108
38992
39108
39230
39148
39064
39012
39064
39012
39062
39012
39062
38788
38696
38758
38778
38758
38778
38722
38722
38722
38722
38774
38722
38774
38702
38774
38702
38578
38550
38578
38448
38538
38448
38470
38448
38470
38410
38472
38492
38492
38492
38492
38560
38580
38466
38512
38466
38512
38514
38490
38514
38322
38322
38322
34458
32.7642