57540
57192
56756
56380
56050
55772
55646
55414
55288
55126
55126
54830
54756
54722
54584
54470
54394
54378
53948
53948
53940
53832
53360
53322
53178
53178
53178
53178
53178
53178
53178
53178
53178
53178
52974
52974
52974
52974
52974
52974
52778
52778
52778
52738
52738
52738
52738
52738
52738
52738
52738
52668
52668
52668
52668
52668
52668
52668
52612
52592
52592
52456
52442
52442
52442
52442
52442
52442
52314
52314
52314
52314
52314
52314
52314
52314
52314
52314
52306
52250
52250
52250
52112
52112
52112
52112
52112
52078
52078
52078
51988
51862
51862
51862
51862
51862
51862
51862
51862
51862
48498
3.8026