57608
57112
56600
56002
55654
55300
55300
55262
55100
55052
54798
54798
54708
54544
54544
54342
54342
54342
54316
54172
54166
54120
54120
53946
53946
53946
53946
53946
53920
53786
53786
53728
53728
53728
53728
53666
53558
53558
53558
53558
53558
53558
53558
53558
53490
53486
53486
53486
53306
53306
53306
53306
53306
53306
53306
53306
53306
53306
53236
53236
53236
53236
53210
53210
53210
53210
53210
53210
53210
53098
53098
53098
53096
53096
53096
53096
53096
53096
53096
53096
53096
53088
53088
53088
52928
52928
52928
52928
52928
52928
52928
52928
52928
52922
52738
52738
52738
52738
52738
52738
48498
28.3849