57464
55168
55160
55038
54918
54850
54568
54242
54242
54242
54186
54168
54168
54168
54040
54040
53916
53916
53916
53916
53916
53916
53916
53916
53916
53590
53590
53590
53518
53518
53518
53456
53456
53456
53456
53456
53456
53456
53456
53456
53456
53368
53368
53368
53368
53368
53368
53368
53368
53368
53368
53368
53368
53368
53368
53368
53368
53368
53368
53368
53368
53368
53368
53368
53368
53368
53368
53368
53368
53368
53368
53368
53368
53368
53026
53026
53026
53026
53026
53026
53026
53026
53026
53026
53026
53026
53026
53026
53026
53026
53026
53026
53026
53026
53026
53026
53026
53026
53026
53026
48498
2.24082