57542
57542
57150
57054
56992
56992
56992
56992
56644
56552
56552
56552
56552
56552
56552
56552
56478
56222
56222
56222
56222
56222
55972
55972
55972
55972
55972
55972
55972
55972
55972
55972
55972
55972
55972
55972
55972
55972
55972
55972
55972
55972
55972
55972
55972
55972
55972
55972
55972
55972
55972
55768
55768
55768
55768
55768
55768
55768
55768
55768
55768
55466
55460
55460
55460
55460
55460
55460
55460
55460
55460
55460
55460
55460
55460
55460
55460
55460
55460
55460
55460
55460
55460
55460
55460
55460
55460
55460
55418
55418
55418
55418
55418
55418
55418
55418
55418
55418
55418
55418
48498
57.4569