56964
56508
56402
56418
56122
55970
55910
55944
55800
55708
55692
55382
55720
55440
55472
55072
55058
55072
55036
55072
54858
54910
54712
54754
54704
54700
54700
54740
54808
54786
54902
54876
54702
54664
54222
54312
54280
54312
54280
54046
53874
53968
53874
53826
53832
53826
53880
53806
54056
54132
54132
54130
54082
54034
54040
53962
53976
53996
53976
53956
53956
53956
53956
53956
53916
53820
53820
53602
53558
53700
53804
53610
53690
53450
53450
53450
53670
53450
53512
53416
53448
53506
53448
53382
53364
53476
53356
53476
53404
53468
53468
53468
53236
53258
53236
53422
53236
53266
53002
53214
48498
43.2797