57702
56672
55764
55822
55758
55120
54978
55144
55004
54842
54800
54700
54958
54628
54706
54724
54456
54240
54238
54304
54300
54252
54230
54532
54474
54364
54444
54104
54036
54336
54086
54428
54596
54492
54532
54060
54424
54346
54044
54396
54354
54202
54212
54616
54524
54718
54484
54652
54550
54804
54472
54514
54156
54566
54466
54038
54084
54126
54182
54186
53914
54268
54174
54312
54400
54186
54184
54436
54242
54450
54456
54458
54562
54156
54356
54380
54340
54366
54400
54366
54284
54374
54434
54218
53850
54294
54232
54642
54406
54038
54370
54420
54254
54068
54208
53852
54216
54244
54508
54356
48498
42.5299