57474
57474
57324
57126
57200
57028
56896
56896
57062
56906
56792
56792
56792
56614
56558
56564
56442
56248
56248
56088
56088
55972
55728
55728
55728
55662
55728
55728
55728
55728
55728
55728
55508
55728
55728
55588
55442
54744
54744
54744
54744
54744
54744
54744
54744
54744
54744
54744
54744
54744
54744
54744
54744
54744
54744
54744
54744
54744
54744
54744
54744
54744
54744
54744
54744
54744
54744
54744
54744
55390
55390
55390
55390
55390
55274
55274
54740
55264
54938
55248
55248
55248
55200
55248
55248
55248
55224
55248
55208
55248
55248
55048
55048
55048
55178
55050
54938
54938
54476
54914
48498
0.571998