57464
56938
56938
56902
56902
56856
57022
56880
56880
56716
56204
56204
56044
56044
56318
56452
56462
56332
56332
56268
56268
55884
56300
55984
55984
56016
56012
56012
56016
55958
55958
55870
55870
55870
55870
55654
55654
55594
55594
55654
55278
55278
55654
55654
55580
55144
55144
55144
55144
55144
55144
55108
55000
55000
54896
54896
54756
54756
54756
54654
54654
54654
55000
55370
55370
55288
55288
55288
55288
55150
55028
55028
55130
55294
55294
55174
55262
55262
55194
55250
55108
55250
55250
55162
54672
54672
54672
55152
55152
55152
54982
54982
54982
54960
54906
54906
54906
54906
54666
54906
48498
3.7484