77708
76934
75796
75710
75512
75380
75060
74872
74644
74248
74178
74300
74004
74066
73890
73580
74188
74234
74282
74108
74512
74324
74350
74136
73788
73990
74368
73636
73812
73676
73844
73602
73924
73468
73746
73622
73934
73868
73696
74036
74046
73714
73244
73844
73728
73960
74020
73848
73616
73800
73808
73678
73690
74182
74058
74124
74102
73824
73836
73450
73450
73802
74016
73998
73804
74038
74140
74110
73438
73904
74128
74282
74184
74044
74260
74096
73782
73946
74140
74118
73826
74142
73972
73814
74026
73956
73962
74224
74156
74104
74192
74288
74126
73594
73274
73696
73508
73856
73992
73794
66256
60.5808