77390
77390
76594
76376
75934
75752
75324
75246
75060
74986
74824
74562
74406
74406
74406
74184
74184
73664
73664
73664
73664
73510
73510
73510
73510
73510
73510
73226
73226
73226
72786
72786
72786
72786
72786
72786
72786
72786
72786
72786
72786
72786
72786
72786
72786
72786
72786
72786
72142
72142
72142
72142
72142
72142
72142
72142
72142
72142
72142
72142
72142
72142
72142
72142
72142
72142
72142
72142
72142
72142
72142
72142
72142
72142
72142
72142
72142
72142
72142
72142
72142
72142
72142
72142
72142
72142
72142
72142
72142
72142
72142
72142
72142
72142
72142
72076
72076
72076
72076
72076
66256
52.5718