78010
77896
78048
77938
77938
77800
77748
77606
77606
77500
77440
77440
77290
77290
77394
77242
77476
77110
77526
77272
77234
77234
77234
76890
76798
76698
76698
76898
76720
76270
76270
76720
76720
76720
76720
76720
76720
76594
75954
75842
75780
75322
75710
75780
75780
75608
75754
75754
75556
75556
75556
75556
75532
75532
75506
75526
75526
75532
75532
75532
74928
75464
75396
75396
75304
75232
74956
74956
74956
74956
74956
74906
75238
75238
75238
75238
75162
75162
75162
75254
75034
75012
74930
74930
74930
74678
74890
74930
74866
74866
74866
74802
74440
74440
74440
74440
74440
74776
74806
74806
66256
4.73588