78010
77758
77248
76752
76350
76044
76044
75798
75452
75452
75034
75034
74824
74824
74786
74544
74460
74460
74042
73834
73802
73784
73268
73268
73268
73228
73082
72912
72912
72580
72562
72134
71954
71954
71954
71954
71954
71954
71954
71954
71954
71954
71954
71954
71860
71860
71860
71860
71860
71860
71804
71804
71804
71804
71804
71666
71656
71656
71656
71656
71650
71650
71650
71650
71650
71612
71612
71552
71552
71552
71552
71552
71552
71552
71552
71552
71552
71552
71552
71512
71512
71512
71512
71512
71512
71512
71512
71464
71446
71446
71446
71446
71446
71446
71408
71408
71404
71362
71362
71358
66256
4.83931