77524
75792
75676
75116
74918
74414
74414
74374
74374
73862
73716
73716
73716
73628
73628
73264
73264
73054
73054
73054
73054
73054
73054
73054
73054
73016
73016
72844
72844
72844
72844
72844
72844
72844
72844
72844
72844
72844
72732
72732
72650
72650
72650
72622
72622
72458
72458
72426
72228
72228
72228
72228
72228
72228
72228
72158
72158
72158
72158
72158
72158
72158
72158
72158
72158
72158
72158
72158
72158
72158
72158
72158
72158
72158
72158
72158
72158
72158
72158
72158
72158
72158
72158
72158
72158
72158
72158
72158
72158
72158
72158
72158
72158
72158
72158
72158
72158
72158
72158
72158
66256
2.82279