78028
78028
77650
77650
77650
77650
77650
77650
77608
77586
77298
77298
77298
77298
77298
77298
77298
77298
77298
77264
77264
77194
77194
77194
77194
77194
77194
77194
77194
77194
77194
77194
77194
77194
77194
77194
77194
77194
77194
76986
76894
76894
76894
76894
76894
76894
76894
76894
76894
76894
76894
76894
76894
76894
76894
76894
76894
76894
76894
76894
76894
76710
76710
76710
76710
76710
76710
76710
76710
76710
76710
76710
76710
76420
76420
76420
76420
76420
76420
76420
76420
76420
76186
76186
76186
76186
76186
76186
76186
76186
75986
75986
75986
75986
75986
75986
75986
75986
75986
75986
66256
58.9361