77524
77276
77276
77524
77524
77524
77390
76984
76514
76984
76778
77108
77000
76812
76740
76740
76586
76586
76586
76790
76764
76764
76274
76226
76274
76610
76698
76438
76438
76438
76438
76428
76166
75706
75706
75990
75990
75990
75942
75990
75530
75456
75990
75990
75990
75670
75670
75670
75670
75670
75670
75546
75670
75670
75990
75426
75426
75426
75426
75426
75426
75794
75794
75794
75960
75768
75828
75816
75816
75764
75666
75666
75598
75598
75764
75764
75686
75764
75764
75392
75392
75594
75516
75516
75412
75302
75394
75270
75220
75220
75062
75220
75220
75220
75220
75412
75298
75182
75182
75182
66256
0.99385