77786
77568
76852
76920
76810
76676
76552
76552
76476
76520
75684
75684
75684
75268
75408
74928
74914
74924
74914
74380
74380
74146
73918
73924
73772
73772
73674
73676
73784
73862
73784
73788
73784
73582
73538
73494
73590
73646
73478
73394
73222
73222
73406
73338
73338
73432
73338
73454
73492
73464
73552
73440
73472
73438
73392
73364
73364
73230
73258
73258
73088
73088
72868
72864
72696
72596
72990
72860
72956
72936
72956
72896
72940
72720
72940
72870
72926
72730
72730
72672
72728
72568
72578
72570
72594
72696
72930
72970
72942
72802
72766
72700
72692
72942
72900
72768
72768
72768
72632
72768
66256
60.4807