106382
105906
105534
104730
104704
104512
104306
104268
103920
103544
103070
103070
103078
102954
102722
102702
102722
102648
102356
102366
102332
102332
102332
102224
102224
102224
101886
101722
101678
101728
101284
101284
101132
101056
101056
101300
101232
101386
101360
101360
101220
101282
101214
100944
100924
100944
100716
100452
100560
100276
100492
100476
100320
100028
100132
100104
99768
99752
99932
99888
99888
99784
99682
100110
100110
100110
100004
100004
100004
100118
100074
100040
99922
100006
99844
99842
99504
99680
99538
99330
99330
99182
99330
99502
99754
99452
99154
99154
99154
99154
99154
99154
99124
99282
99124
99232
99232
99232
99756
99644
90998
65.7106