106434
103796
103030
102706
102344
101474
101474
101474
101474
101474
101130
101130
101130
101072
100744
100744
100744
100608
100574
100574
100256
100256
100256
99932
99932
99932
99932
99694
99694
99694
99694
99694
99694
99678
99678
99678
99678
99678
99678
99678
99678
99678
99678
99678
99678
99678
99606
99606
99578
99578
99578
99578
99578
99578
99578
99578
99578
99578
99578
99578
99578
99578
99578
99578
99578
99578
99578
99578
99578
99530
99530
99530
99530
98690
98690
98690
98690
98690
98690
98690
98690
98690
98690
98690
98690
98690
98690
98690
98690
98690
98690
98690
98690
98690
98690
98690
98690
98690
98690
98690
90998
4.16724