106382
106076
105920
105952
105978
105650
105650
105882
104844
104756
104634
104754
104686
104686
104190
104418
104418
104460
104460
104460
103988
103952
103952
103752
103776
103418
103728
103702
103652
103388
103388
103388
102840
103380
103268
103268
103140
103140
103010
103154
103156
103156
103156
102960
102902
102960
102786
102786
102786
102894
102850
102486
102298
102298
102298
102066
102062
102038
102012
102298
102298
102298
101886
102298
102334
102334
102264
102264
102338
102338
102338
102338
102338
102262
102300
102300
102296
102296
101958
101756
101756
101756
101756
101756
101756
101726
101756
101756
101756
101756
101756
101918
101810
101810
101810
101682
101682
101646
101682
101682
90998
6.0841