106822
106808
106056
106056
106056
106052
106052
105484
105484
105484
105484
105484
105484
105484
105484
105484
105262
105094
105094
105094
105094
104914
104914
104914
104914
104914
104914
104914
104914
104914
104914
104914
104914
104510
104352
104352
104352
104352
104352
104352
104352
104352
104352
104344
104062
104062
104062
104062
104062
104062
104062
104062
104062
103810
103638
103638
103638
103638
103638
103638
103638
103324
103324
103324
103324
103324
102990
102990
102990
102990
102990
102990
102990
102990
102990
102990
102990
102788
102788
102788
102788
102788
102788
102788
102788
102788
102788
102670
102670
102670
102670
102670
102670
102602
102602
102602
102602
102602
102602
102602
90998
64.9984