106414
105298
105112
103730
103730
103662
103040
102964
102370
102322
102322
102094
101312
101312
101312
101312
101312
101286
101178
101094
100832
100832
100832
100732
100732
100732
100508
100416
100314
100314
100314
100314
100314
100314
100252
100252
100108
99904
99904
99904
99904
99904
99904
99872
99872
99872
99442
99442
99442
99442
99442
99442
99442
99442
99442
99442
99442
99442
99374
99374
99374
99220
99220
99220
99220
99220
99132
99132
99132
99132
99132
99132
99132
99132
99132
99132
99132
99014
99014
99014
99014
99014
99014
99014
98986
98986
98968
98940
98940
98940
98940
98940
98940
98940
98940
98940
98940
98940
98940
98940
90998
35.1637