106382
105698
105260
104964
104344
104344
104120
103756
103546
102572
102338
102338
102312
102256
101640
101284
101284
101152
100908
100908
100880
100544
100360
99972
99672
99538
99442
99442
99442
99442
99442
99442
99442
99442
99442
99442
99442
99442
98848
98848
98840
98840
98820
98814
98814
98814
98814
98814
98814
98814
98802
98802
98802
98606
98606
98606
98602
98602
98460
98460
98460
98460
98154
98154
98154
98022
98022
98022
98022
98022
98014
97982
97982
97864
97864
97864
97864
97864
97864
97864
97864
97864
97864
97864
97856
97856
97750
97750
97750
97750
97682
97682
97682
97682
97682
97682
97682
97682
97514
97514
90998
6.26655