106434
106084
105998
105998
105636
105636
105402
104934
105084
105084
104142
104142
105050
104992
104788
104874
104874
104624
103928
103928
103928
103928
104238
104342
104552
104412
104146
104146
104426
103898
103898
103898
103898
103898
103898
103898
103898
103898
103898
103898
103898
103898
103898
103898
103736
103736
103736
103736
103768
103014
103014
103944
104214
104084
103586
103586
103560
103560
103586
103686
103688
103248
103248
103248
103248
103248
103192
103192
103192
103192
103248
103248
103248
103248
103248
103034
103034
103034
103034
103034
103034
102864
102864
103508
103678
103494
103048
103048
103048
103048
103048
103048
103048
102554
103048
102842
103048
103048
103048
103048
90998
1.41827