106434
105280
104320
103778
103236
102794
102718
102902
102548
102332
101974
102260
101876
101526
101790
101688
101884
101794
101202
101370
101034
101358
101138
101362
101266
101412
101390
100924
101096
101406
101498
101614
101066
101200
101234
101492
101098
101368
100164
100280
100504
100966
100758
100862
101376
100910
100916
101176
101222
101136
101436
101402
101372
101384
101188
101274
101362
101328
100834
101154
101090
101080
101412
101592
101512
101494
101154
101624
101180
101122
101534
100818
100762
101242
101206
101256
101144
101392
101352
100968
100732
100676
100558
101026
101300
101270
101090
101106
101124
100630
100972
101274
101674
101272
101252
101140
101058
101238
101464
100782
90998
64.0025