16614
16614
16614
15882
15622
15250
15250
15228
15158
14304
14304
14304
14140
14140
13894
13894
13894
13894
13748
13652
13652
13652
13652
13652
13652
13340
13340
13340
13340
13340
13340
13340
13340
13340
13282
13282
13268
13268
13268
13268
13186
13186
13186
13186
13186
13186
13186
13186
12986
12986
12986
12986
12968
12968
12968
12958
12958
12958
12856
12856
12776
12776
12776
12776
12776
12776
12776
12776
12776
12776
12776
12776
12776
12776
12776
12744
12744
12548
12428
12428
12428
12428
12428
12428
12428
12428
12428
12428
12428
12428
12428
12428
12428
12428
12428
12428
12428
12428
12428
12428
9526
106.438