19602
18746
18512
17624
17624
17624
17624
17102
17338
17102
17338
16720
16556
16280
16480
15406
14560
14880
14982
15092
14484
14560
14484
14560
15088
14560
15070
14560
14092
14404
14540
14128
14404
14310
14540
14404
14310
14540
14426
14330
14294
14330
14294
14330
14590
14650
14764
14590
14330
14650
14590
14436
13964
13964
13964
13964
13964
14210
13964
14210
13964
14210
13964
14210
14412
14432
14412
14432
14412
14136
14128
14128
14128
13788
13724
13674
13674
13640
13510
13462
13462
13462
13666
13462
13666
13462
13246
13246
13246
13246
13246
13204
13246
13204
13246
13424
13246
13424
13246
13014
9526
21.3415