18136
15476
15308
15062
14768
14356
14356
14356
14356
13598
13570
13570
13570
13570
13570
13570
13570
13570
13570
13570
13570
13570
13570
13570
13570
13570
13570
13570
13068
13068
13068
13068
13068
13068
13068
13068
13068
13068
13068
13068
13068
13068
13068
13068
13068
13058
13058
13058
13058
13058
13058
13058
13058
13058
13058
13058
13058
13058
13058
13058
13058
13058
13058
13058
13058
13058
13058
13058
12940
12940
12940
12940
12940
12940
12940
12940
12940
12872
12872
12802
12802
12802
12802
12802
12802
12802
12802
12732
12732
12640
12640
12640
12640
12640
12640
12640
12640
12640
12640
12640
9526
0.871447