18452
17406
17752
17640
17698
17698
17698
17238
17238
17698
17668
17668
17600
17430
17344
17242
16650
16650
16814
16814
16814
16814
16814
16814
16814
16474
16628
16836
16836
16894
16894
16894
16894
16894
16894
16542
16520
16836
17164
16144
16608
15794
15794
15816
16608
16608
16544
16544
16544
15962
16544
16608
16804
16804
16804
16804
16804
16588
16576
16128
16576
16398
16398
16448
16242
16400
16354
16350
16350
16470
16234
16234
16234
16174
16196
16148
16234
16234
16182
16182
16214
16234
16562
16110
16110
16110
15692
15692
15912
15912
15740
15912
15328
15328
15328
15328
15328
14606
14606
15320
9526
0.224248