17412
17412
17412
17412
17934
18998
19468
19356
18590
18698
18134
17484
17484
18078
18078
18078
17472
17060
17060
17060
17060
16168
15358
15358
15030
15182
16384
16804
16734
16734
16734
16216
16654
15246
15792
16074
16074
16074
16074
16356
16006
16006
16002
16002
16002
16002
16514
17214
16790
16448
16448
16682
16682
16646
16646
16646
16646
16646
16512
16392
16392
16018
15536
16018
16374
16054
15694
16392
16228
15856
15606
15606
15606
15330
15226
15158
15038
15158
15158
15158
15394
15394
15278
14826
14826
14826
14826
14826
15010
15010
15010
15010
15010
15010
14816
14816
14804
14804
14804
14804
9526
1.76241