18110
17124
16426
16426
15742
15438
15346
14556
14356
13946
13946
13886
13728
13728
13700
13700
13484
13484
13368
13196
13196
13194
13194
13100
13034
13034
13034
13034
13034
13034
13034
13034
12976
12976
12976
12836
12712
12308
12308
12308
12308
12308
12308
12308
12308
12308
12308
12308
12308
11912
11912
11912
11912
11912
11912
11912
11912
11912
11816
11816
11816
11816
11758
11758
11758
11758
11758
11758
11758
11758
11758
11758
11758
11758
11758
11758
11758
11758
11758
11758
11758
11758
11758
11758
11758
11758
11758
11758
11680
11680
11618
11618
11600
11600
11600
11600
11600
11524
11524
11524
9526
1.52162