19284
17780
16624
15686
16146
15628
14946
14926
14936
14992
14948
14476
14630
14516
14984
15068
15154
14060
14682
14436
14026
13906
14206
14106
14614
15018
14530
14590
14544
14518
14772
14104
14300
14418
14264
14090
14598
14412
14350
14768
14376
14688
14664
14634
14368
14454
14206
13966
14662
14010
13972
13660
13868
14254
14232
14646
14408
14322
14350
14454
14714
14830
14928
14632
14422
14542
14518
14882
14346
14556
14596
14318
13948
14688
14314
14102
14206
14304
14304
14658
14116
14508
14370
14568
14694
14618
14664
14504
14608
13882
14274
14330
14632
14712
14332
13998
14142
14168
14366
14388
9526
21.0848