18484
17832
17832
17788
17788
17788
17788
17788
17788
17788
17788
17788
17788
17788
17788
17788
17788
17788
17788
17788
17788
17788
17788
17788
17788
17788
17788
17788
17788
17788
16832
16832
16832
16832
16832
16832
16832
16832
16832
16832
16832
16832
16832
16832
16832
16832
16832
16832
16832
16832
16832
16832
16726
16232
16232
16232
16232
16232
16232
16232
16232
16232
16232
16232
16232
16232
16232
16232
16232
16232
16232
16232
16232
16232
16232
16232
16232
16232
15506
15506
15506
15506
15506
15506
15506
15422
15422
15422
15422
15422
15422
15248
15248
15248
15248
15248
15248
15248
15248
15248
9526
48.2345