2.83327e+06
2.83327e+06
2.83567e+06
2.83567e+06
2.83098e+06
2.82246e+06
2.82246e+06
2.82246e+06
2.79871e+06
2.81058e+06
2.81058e+06
2.79137e+06
2.79137e+06
2.78112e+06
2.76902e+06
2.76902e+06
2.76902e+06
2.76902e+06
2.74605e+06
2.74605e+06
2.79496e+06
2.77588e+06
2.78638e+06
2.76928e+06
2.77231e+06
2.77863e+06
2.78316e+06
2.78552e+06
2.78552e+06
2.76894e+06
2.78552e+06
2.78552e+06
2.78552e+06
2.78552e+06
2.78552e+06
2.77364e+06
2.77675e+06
2.77675e+06
2.77662e+06
2.76923e+06
2.75555e+06
2.7523e+06
2.7523e+06
2.76659e+06
2.76293e+06
2.76293e+06
2.75861e+06
2.75861e+06
2.75861e+06
2.75861e+06
2.75861e+06
2.75861e+06
2.75861e+06
2.75861e+06
2.75601e+06
2.75601e+06
2.74454e+06
2.74454e+06
2.74454e+06
2.74454e+06
2.73223e+06
2.73223e+06
2.74926e+06
2.74191e+06
2.746e+06
2.73086e+06
2.73086e+06
2.73813e+06
2.73813e+06
2.73813e+06
2.73813e+06
2.71902e+06
2.71902e+06
2.71902e+06
2.73813e+06
2.73733e+06
2.73813e+06
2.73813e+06
2.74209e+06
2.74209e+06
2.74313e+06
2.72381e+06
2.72381e+06
2.72381e+06
2.72381e+06
2.72381e+06
2.72381e+06
2.72381e+06
2.74313e+06
2.74313e+06
2.74313e+06
2.71458e+06
2.71458e+06
2.71458e+06
2.71458e+06
2.74001e+06
2.71016e+06
2.71016e+06
2.71016e+06
2.71016e+06
2.422e+06
1.70016