2.83198e+06
2.75711e+06
2.72621e+06
2.72621e+06
2.72621e+06
2.71715e+06
2.71715e+06
2.71715e+06
2.71456e+06
2.7141e+06
2.70919e+06
2.70919e+06
2.70919e+06
2.70919e+06
2.70919e+06
2.70919e+06
2.70919e+06
2.70919e+06
2.70404e+06
2.70404e+06
2.70404e+06
2.70404e+06
2.69997e+06
2.69823e+06
2.69823e+06
2.69823e+06
2.69823e+06
2.69823e+06
2.69823e+06
2.69823e+06
2.69823e+06
2.69823e+06
2.69015e+06
2.6706e+06
2.6706e+06
2.6706e+06
2.6706e+06
2.6706e+06
2.6706e+06
2.6706e+06
2.6706e+06
2.6706e+06
2.6706e+06
2.6706e+06
2.6706e+06
2.6706e+06
2.6706e+06
2.6706e+06
2.6706e+06
2.6706e+06
2.6706e+06
2.6706e+06
2.6706e+06
2.6706e+06
2.6706e+06
2.6706e+06
2.6706e+06
2.6706e+06
2.6706e+06
2.6706e+06
2.6706e+06
2.6706e+06
2.6706e+06
2.6706e+06
2.6706e+06
2.67026e+06
2.67026e+06
2.66701e+06
2.66701e+06
2.66701e+06
2.66701e+06
2.66701e+06
2.66701e+06
2.66701e+06
2.66701e+06
2.66701e+06
2.66701e+06
2.66701e+06
2.66701e+06
2.66701e+06
2.66701e+06
2.66501e+06
2.66501e+06
2.66501e+06
2.66501e+06
2.66501e+06
2.66501e+06
2.66501e+06
2.66501e+06
2.66501e+06
2.66501e+06
2.66501e+06
2.66501e+06
2.66501e+06
2.66501e+06
2.66501e+06
2.66501e+06
2.66501e+06
2.66501e+06
2.66501e+06
2.422e+06
0.980216