2.84249e+06
2.81129e+06
2.79711e+06
2.77701e+06
2.77701e+06
2.7522e+06
2.74731e+06
2.73573e+06
2.72879e+06
2.71533e+06
2.6933e+06
2.6933e+06
2.6933e+06
2.67883e+06
2.67883e+06
2.67883e+06
2.67883e+06
2.67883e+06
2.67883e+06
2.67883e+06
2.66271e+06
2.65455e+06
2.65455e+06
2.64752e+06
2.64752e+06
2.64752e+06
2.64752e+06
2.64752e+06
2.64752e+06
2.64752e+06
2.64752e+06
2.63253e+06
2.63253e+06
2.63253e+06
2.63253e+06
2.63253e+06
2.63253e+06
2.63253e+06
2.63253e+06
2.63253e+06
2.61643e+06
2.61643e+06
2.61643e+06
2.61452e+06
2.61452e+06
2.61452e+06
2.61452e+06
2.61452e+06
2.61452e+06
2.61452e+06
2.61452e+06
2.61452e+06
2.61452e+06
2.61452e+06
2.61452e+06
2.61452e+06
2.61452e+06
2.61452e+06
2.61452e+06
2.61452e+06
2.60561e+06
2.60336e+06
2.60336e+06
2.60005e+06
2.60005e+06
2.60005e+06
2.60005e+06
2.60005e+06
2.60005e+06
2.60005e+06
2.60005e+06
2.60005e+06
2.60005e+06
2.60005e+06
2.60005e+06
2.60005e+06
2.60005e+06
2.59835e+06
2.59814e+06
2.59814e+06
2.59353e+06
2.59353e+06
2.58388e+06
2.58388e+06
2.58388e+06
2.58388e+06
2.58388e+06
2.58388e+06
2.58388e+06
2.58388e+06
2.58388e+06
2.58388e+06
2.58388e+06
2.58388e+06
2.58388e+06
2.58388e+06
2.58388e+06
2.58388e+06
2.57558e+06
2.57558e+06
2.422e+06
1.53934