2.84911e+06
2.81864e+06
2.82164e+06
2.80121e+06
2.78639e+06
2.79058e+06
2.7755e+06
2.77011e+06
2.73767e+06
2.74238e+06
2.74419e+06
2.74238e+06
2.72861e+06
2.73553e+06
2.72496e+06
2.72496e+06
2.72496e+06
2.72225e+06
2.71457e+06
2.72225e+06
2.71457e+06
2.70693e+06
2.69949e+06
2.68948e+06
2.69481e+06
2.68948e+06
2.69583e+06
2.68948e+06
2.68087e+06
2.68087e+06
2.67226e+06
2.68476e+06
2.67033e+06
2.66937e+06
2.65383e+06
2.66042e+06
2.65572e+06
2.6652e+06
2.65964e+06
2.6652e+06
2.66808e+06
2.6652e+06
2.6466e+06
2.6652e+06
2.6466e+06
2.6652e+06
2.65885e+06
2.6652e+06
2.65885e+06
2.6745e+06
2.65885e+06
2.6745e+06
2.67382e+06
2.6745e+06
2.67382e+06
2.67382e+06
2.67382e+06
2.67382e+06
2.67066e+06
2.67382e+06
2.65261e+06
2.65062e+06
2.65778e+06
2.64867e+06
2.67307e+06
2.67671e+06
2.67326e+06
2.6729e+06
2.68975e+06
2.6729e+06
2.69078e+06
2.67931e+06
2.68123e+06
2.69564e+06
2.68123e+06
2.6874e+06
2.68123e+06
2.6874e+06
2.68123e+06
2.70206e+06
2.68123e+06
2.65965e+06
2.68123e+06
2.69964e+06
2.68123e+06
2.69964e+06
2.68123e+06
2.68075e+06
2.67547e+06
2.68783e+06
2.67547e+06
2.66996e+06
2.67911e+06
2.68997e+06
2.67911e+06
2.68997e+06
2.68183e+06
2.68183e+06
2.68183e+06
2.67488e+06
2.422e+06
44.2936