2.81109e+06
2.83719e+06
2.83719e+06
2.8367e+06
2.82296e+06
2.82296e+06
2.82296e+06
2.80868e+06
2.80868e+06
2.80868e+06
2.80868e+06
2.78774e+06
2.78774e+06
2.78774e+06
2.78774e+06
2.78774e+06
2.78774e+06
2.78403e+06
2.78403e+06
2.78403e+06
2.78044e+06
2.78044e+06
2.78044e+06
2.74802e+06
2.74802e+06
2.74802e+06
2.74802e+06
2.74802e+06
2.74802e+06
2.74802e+06
2.77721e+06
2.77721e+06
2.77721e+06
2.77195e+06
2.73119e+06
2.77022e+06
2.77022e+06
2.77022e+06
2.76915e+06
2.75765e+06
2.77244e+06
2.77721e+06
2.77721e+06
2.77721e+06
2.76831e+06
2.76831e+06
2.76831e+06
2.76831e+06
2.76721e+06
2.76461e+06
2.76721e+06
2.76721e+06
2.76721e+06
2.75489e+06
2.75489e+06
2.75489e+06
2.76703e+06
2.77071e+06
2.77071e+06
2.77071e+06
2.77721e+06
2.77721e+06
2.77152e+06
2.77721e+06
2.77721e+06
2.74824e+06
2.77274e+06
2.77274e+06
2.77274e+06
2.77274e+06
2.76613e+06
2.76613e+06
2.77274e+06
2.75368e+06
2.75368e+06
2.75368e+06
2.76692e+06
2.76692e+06
2.74737e+06
2.72752e+06
2.76692e+06
2.76692e+06
2.7663e+06
2.75157e+06
2.76692e+06
2.75975e+06
2.76692e+06
2.76692e+06
2.76619e+06
2.76619e+06
2.76619e+06
2.76154e+06
2.7769e+06
2.75174e+06
2.76355e+06
2.72976e+06
2.72976e+06
2.7784e+06
2.7784e+06
2.77069e+06
2.422e+06
0.226565