2.87447e+06
2.81571e+06
2.78539e+06
2.75988e+06
2.7562e+06
2.7347e+06
2.74489e+06
2.73196e+06
2.73982e+06
2.70893e+06
2.71906e+06
2.72315e+06
2.74421e+06
2.74379e+06
2.75093e+06
2.73642e+06
2.73434e+06
2.74918e+06
2.73865e+06
2.70921e+06
2.73866e+06
2.73928e+06
2.74658e+06
2.72508e+06
2.74045e+06
2.72887e+06
2.71466e+06
2.71512e+06
2.71771e+06
2.73079e+06
2.74622e+06
2.74037e+06
2.71125e+06
2.70871e+06
2.73625e+06
2.71397e+06
2.73389e+06
2.72391e+06
2.73966e+06
2.72173e+06
2.74095e+06
2.7451e+06
2.74668e+06
2.75107e+06
2.73987e+06
2.73656e+06
2.72603e+06
2.73381e+06
2.74471e+06
2.74124e+06
2.74012e+06
2.7428e+06
2.74801e+06
2.74566e+06
2.73578e+06
2.74324e+06
2.72923e+06
2.74477e+06
2.72958e+06
2.71986e+06
2.71464e+06
2.72683e+06
2.73913e+06
2.74097e+06
2.73185e+06
2.70938e+06
2.73407e+06
2.74395e+06
2.75815e+06
2.73779e+06
2.72209e+06
2.72636e+06
2.73467e+06
2.73207e+06
2.73225e+06
2.73974e+06
2.71443e+06
2.74094e+06
2.71428e+06
2.69781e+06
2.73417e+06
2.74385e+06
2.70877e+06
2.71728e+06
2.74338e+06
2.74371e+06
2.75617e+06
2.74267e+06
2.73478e+06
2.73186e+06
2.72522e+06
2.72743e+06
2.73279e+06
2.72286e+06
2.73787e+06
2.74292e+06
2.7292e+06
2.73298e+06
2.73413e+06
2.7493e+06
2.422e+06
28.6305