2.87394e+06
2.81241e+06
2.76137e+06
2.72782e+06
2.72782e+06
2.72782e+06
2.71955e+06
2.71667e+06
2.71667e+06
2.71667e+06
2.71667e+06
2.71667e+06
2.69681e+06
2.69681e+06
2.68301e+06
2.68301e+06
2.68301e+06
2.68301e+06
2.68301e+06
2.68301e+06
2.68301e+06
2.68301e+06
2.68301e+06
2.68301e+06
2.68301e+06
2.68301e+06
2.68301e+06
2.68301e+06
2.68078e+06
2.68078e+06
2.68078e+06
2.68078e+06
2.68078e+06
2.68078e+06
2.68078e+06
2.68078e+06
2.68078e+06
2.68078e+06
2.68078e+06
2.68078e+06
2.66956e+06
2.66956e+06
2.66956e+06
2.66956e+06
2.66956e+06
2.66956e+06
2.66956e+06
2.66956e+06
2.66956e+06
2.66956e+06
2.66956e+06
2.66956e+06
2.66956e+06
2.66956e+06
2.66956e+06
2.66956e+06
2.66956e+06
2.66956e+06
2.66827e+06
2.66827e+06
2.66827e+06
2.66827e+06
2.66827e+06
2.66827e+06
2.66827e+06
2.66827e+06
2.6582e+06
2.6574e+06
2.6574e+06
2.6574e+06
2.6574e+06
2.6574e+06
2.6574e+06
2.6574e+06
2.6574e+06
2.6574e+06
2.65536e+06
2.65536e+06
2.65536e+06
2.65536e+06
2.65536e+06
2.65536e+06
2.65536e+06
2.65536e+06
2.65536e+06
2.65536e+06
2.65536e+06
2.65536e+06
2.65536e+06
2.65536e+06
2.65536e+06
2.65536e+06
2.65536e+06
2.65536e+06
2.65536e+06
2.65536e+06
2.65536e+06
2.65536e+06
2.65536e+06
2.65536e+06
2.422e+06
473.935