2.86063e+06
2.84898e+06
2.84898e+06
2.84898e+06
2.84898e+06
2.84898e+06
2.84898e+06
2.84898e+06
2.84898e+06
2.84898e+06
2.84898e+06
2.84898e+06
2.84898e+06
2.84898e+06
2.84898e+06
2.84898e+06
2.84898e+06
2.84898e+06
2.84898e+06
2.84898e+06
2.84898e+06
2.84898e+06
2.84898e+06
2.84898e+06
2.835e+06
2.83263e+06
2.83263e+06
2.83263e+06
2.78499e+06
2.78499e+06
2.76667e+06
2.76667e+06
2.76667e+06
2.76667e+06
2.76667e+06
2.76667e+06
2.76667e+06
2.76667e+06
2.76667e+06
2.76667e+06
2.76667e+06
2.76667e+06
2.76667e+06
2.76667e+06
2.76667e+06
2.76667e+06
2.76667e+06
2.76667e+06
2.76667e+06
2.76667e+06
2.76667e+06
2.76667e+06
2.76667e+06
2.76667e+06
2.76667e+06
2.76667e+06
2.76667e+06
2.76667e+06
2.76667e+06
2.76667e+06
2.76667e+06
2.76667e+06
2.76667e+06
2.76667e+06
2.76667e+06
2.76667e+06
2.76667e+06
2.76667e+06
2.76667e+06
2.76667e+06
2.76667e+06
2.76667e+06
2.76667e+06
2.76667e+06
2.76667e+06
2.76667e+06
2.76667e+06
2.76667e+06
2.76667e+06
2.76667e+06
2.76667e+06
2.76667e+06
2.76667e+06
2.76667e+06
2.76667e+06
2.76667e+06
2.76667e+06
2.76667e+06
2.76667e+06
2.76667e+06
2.76667e+06
2.76667e+06
2.76667e+06
2.76667e+06
2.76667e+06
2.76667e+06
2.76667e+06
2.76407e+06
2.74927e+06
2.74927e+06
2.422e+06
27.6935