5.72438e+06
5.72438e+06
5.72438e+06
5.72438e+06
5.71246e+06
5.71246e+06
5.71246e+06
5.71246e+06
5.71246e+06
5.71246e+06
5.71246e+06
5.71246e+06
5.71246e+06
5.71246e+06
5.71246e+06
5.71246e+06
5.71246e+06
5.71246e+06
5.71246e+06
5.71246e+06
5.71246e+06
5.71246e+06
5.71246e+06
5.71246e+06
5.71246e+06
5.71246e+06
5.71246e+06
5.71246e+06
5.71246e+06
5.71246e+06
5.71246e+06
5.71246e+06
5.71246e+06
5.71246e+06
5.71246e+06
5.71246e+06
5.71246e+06
5.71246e+06
5.71246e+06
5.71246e+06
5.71246e+06
5.71246e+06
5.71246e+06
5.71246e+06
5.71246e+06
5.71246e+06
5.71246e+06
5.71246e+06
5.71246e+06
5.71246e+06
5.71246e+06
5.71246e+06
5.71246e+06
5.71246e+06
5.67226e+06
5.67226e+06
5.67226e+06
5.67226e+06
5.67226e+06
5.67226e+06
5.67226e+06
5.67226e+06
5.67226e+06
5.67226e+06
5.67226e+06
5.67226e+06
5.67226e+06
5.67226e+06
5.67226e+06
5.67226e+06
5.67226e+06
5.67226e+06
5.67226e+06
5.67226e+06
5.67226e+06
5.67226e+06
5.67226e+06
5.67226e+06
5.67226e+06
5.67226e+06
5.67226e+06
5.67226e+06
5.66546e+06
5.66546e+06
5.66546e+06
5.66546e+06
5.66546e+06
5.66546e+06
5.66546e+06
5.66546e+06
5.66546e+06
5.66546e+06
5.66546e+06
5.66546e+06
5.66546e+06
5.66546e+06
5.66546e+06
5.66546e+06
5.66546e+06
5.66546e+06
5.66546e+06
5.66546e+06
5.66546e+06
5.66546e+06
5.66546e+06
5.66546e+06
5.66546e+06
5.66546e+06
5.66546e+06
5.66546e+06
5.66546e+06
5.66546e+06
5.66546e+06
5.66546e+06
5.66546e+06
5.66546e+06
5.66546e+06
5.66546e+06
5.66546e+06
5.66546e+06
5.66546e+06
5.66546e+06
5.66546e+06
5.66546e+06
5.66546e+06
5.66546e+06
5.66546e+06
5.66546e+06
5.66546e+06
5.66546e+06
5.66546e+06
5.66546e+06
5.66546e+06
5.66546e+06
5.66546e+06
5.66546e+06
5.66546e+06
5.66546e+06
5.66546e+06
5.66546e+06
5.66546e+06
5.66546e+06
5.66546e+06
5.66546e+06
5.63117e+06
5.63117e+06
5.63117e+06
5.63117e+06
5.63117e+06
5.63117e+06
5.42667e+06
13.4787