5.72438e+06
5.67306e+06
5.58985e+06
5.57352e+06
5.57352e+06
5.57271e+06
5.54647e+06
5.54154e+06
5.50669e+06
5.50168e+06
5.50168e+06
5.49768e+06
5.49768e+06
5.49768e+06
5.49768e+06
5.48725e+06
5.48725e+06
5.48482e+06
5.48482e+06
5.48482e+06
5.48364e+06
5.48364e+06
5.48364e+06
5.48364e+06
5.47493e+06
5.47493e+06
5.47493e+06
5.47303e+06
5.47303e+06
5.47303e+06
5.47243e+06
5.47182e+06
5.47182e+06
5.47182e+06
5.47182e+06
5.47129e+06
5.47061e+06
5.46815e+06
5.46796e+06
5.45588e+06
5.45588e+06
5.45588e+06
5.45588e+06
5.45588e+06
5.45407e+06
5.45407e+06
5.45407e+06
5.45407e+06
5.45407e+06
5.45407e+06
5.45407e+06
5.45407e+06
5.45407e+06
5.45407e+06
5.45407e+06
5.45407e+06
5.45254e+06
5.45254e+06
5.45254e+06
5.45254e+06
5.45254e+06
5.45254e+06
5.45254e+06
5.45254e+06
5.45254e+06
5.45254e+06
5.45254e+06
5.45099e+06
5.45099e+06
5.45099e+06
5.45099e+06
5.45099e+06
5.44952e+06
5.44606e+06
5.44606e+06
5.44606e+06
5.44606e+06
5.44606e+06
5.44606e+06
5.44606e+06
5.44606e+06
5.44581e+06
5.44581e+06
5.44154e+06
5.44141e+06
5.44141e+06
5.43728e+06
5.43728e+06
5.43728e+06
5.43728e+06
5.43728e+06
5.43728e+06
5.43728e+06
5.43728e+06
5.43728e+06
5.43728e+06
5.43728e+06
5.43728e+06
5.43728e+06
5.43728e+06
5.43728e+06
5.43728e+06
5.43728e+06
5.43728e+06
5.43728e+06
5.43728e+06
5.43728e+06
5.43728e+06
5.43728e+06
5.43728e+06
5.43728e+06
5.43728e+06
5.43728e+06
5.43728e+06
5.43728e+06
5.43728e+06
5.43728e+06
5.43728e+06
5.43728e+06
5.43728e+06
5.43728e+06
5.43728e+06
5.43689e+06
5.43689e+06
5.43689e+06
5.43689e+06
5.43689e+06
5.43689e+06
5.43689e+06
5.43689e+06
5.43689e+06
5.4366e+06
5.4366e+06
5.4366e+06
5.4366e+06
5.4366e+06
5.4366e+06
5.4366e+06
5.4366e+06
5.4366e+06
5.4366e+06
5.4366e+06
5.4366e+06
5.4366e+06
5.4366e+06
5.4366e+06
5.4366e+06
5.4366e+06
5.4366e+06
5.4366e+06
5.42667e+06
1.67587