5.72438e+06
5.63857e+06
5.63854e+06
5.63261e+06
5.62723e+06
5.63261e+06
5.62723e+06
5.63261e+06
5.62723e+06
5.63261e+06
5.5993e+06
5.60214e+06
5.59756e+06
5.60214e+06
5.59756e+06
5.60214e+06
5.59756e+06
5.60214e+06
5.59756e+06
5.60214e+06
5.59756e+06
5.60014e+06
5.58582e+06
5.58582e+06
5.58582e+06
5.58582e+06
5.58582e+06
5.58582e+06
5.58582e+06
5.58582e+06
5.58582e+06
5.58582e+06
5.58582e+06
5.58582e+06
5.57624e+06
5.584e+06
5.57458e+06
5.58151e+06
5.57458e+06
5.58056e+06
5.57458e+06
5.58623e+06
5.57458e+06
5.58652e+06
5.57458e+06
5.54985e+06
5.55872e+06
5.55072e+06
5.56216e+06
5.54985e+06
5.55872e+06
5.55072e+06
5.56216e+06
5.54985e+06
5.55872e+06
5.55072e+06
5.56216e+06
5.54985e+06
5.54699e+06
5.55479e+06
5.54699e+06
5.55479e+06
5.54699e+06
5.54985e+06
5.54699e+06
5.55479e+06
5.54699e+06
5.55479e+06
5.54699e+06
5.54985e+06
5.54833e+06
5.54833e+06
5.54833e+06
5.54833e+06
5.54833e+06
5.54833e+06
5.54833e+06
5.54833e+06
5.54833e+06
5.54833e+06
5.54833e+06
5.53156e+06
5.54495e+06
5.5427e+06
5.54414e+06
5.53156e+06
5.54495e+06
5.5427e+06
5.54414e+06
5.53156e+06
5.54495e+06
5.5427e+06
5.54414e+06
5.54126e+06
5.53738e+06
5.53301e+06
5.53453e+06
5.53301e+06
5.53453e+06
5.53301e+06
5.53453e+06
5.53301e+06
5.53453e+06
5.53301e+06
5.53453e+06
5.53331e+06
5.5251e+06
5.54182e+06
5.53331e+06
5.5251e+06
5.53842e+06
5.53331e+06
5.5251e+06
5.54182e+06
5.53331e+06
5.5251e+06
5.53025e+06
5.53041e+06
5.53025e+06
5.53041e+06
5.53025e+06
5.53041e+06
5.53025e+06
5.53041e+06
5.53025e+06
5.53041e+06
5.53025e+06
5.53041e+06
5.52339e+06
5.52572e+06
5.52339e+06
5.52572e+06
5.52339e+06
5.52572e+06
5.52339e+06
5.52572e+06
5.52339e+06
5.52572e+06
5.52339e+06
5.52572e+06
5.5135e+06
5.52572e+06
5.5135e+06
5.52572e+06
5.5135e+06
5.52572e+06
5.5135e+06
5.52572e+06
5.5135e+06
5.52572e+06
5.42667e+06
12.7234