5.72438e+06
5.7062e+06
5.66523e+06
5.64295e+06
5.63221e+06
5.63221e+06
5.62828e+06
5.62828e+06
5.63221e+06
5.63083e+06
5.62726e+06
5.62726e+06
5.60641e+06
5.60641e+06
5.60641e+06
5.60756e+06
5.61205e+06
5.59877e+06
5.59877e+06
5.59877e+06
5.5931e+06
5.59877e+06
5.59877e+06
5.59877e+06
5.61514e+06
5.61514e+06
5.61514e+06
5.63247e+06
5.61122e+06
5.61122e+06
5.60931e+06
5.61122e+06
5.61122e+06
5.61122e+06
5.61122e+06
5.61122e+06
5.60639e+06
5.61332e+06
5.61332e+06
5.5851e+06
5.5851e+06
5.5851e+06
5.57321e+06
5.57321e+06
5.57321e+06
5.57321e+06
5.57321e+06
5.57321e+06
5.5896e+06
5.57782e+06
5.60418e+06
5.60745e+06
5.60745e+06
5.58254e+06
5.58254e+06
5.58254e+06
5.58254e+06
5.58254e+06
5.61486e+06
5.56357e+06
5.56357e+06
5.55059e+06
5.55059e+06
5.55059e+06
5.56357e+06
5.55023e+06
5.55023e+06
5.55023e+06
5.57377e+06
5.57377e+06
5.57897e+06
5.57897e+06
5.5883e+06
5.56607e+06
5.5883e+06
5.5883e+06
5.5883e+06
5.5883e+06
5.54344e+06
5.54344e+06
5.5883e+06
5.5883e+06
5.58165e+06
5.57427e+06
5.55996e+06
5.57427e+06
5.57427e+06
5.55311e+06
5.55311e+06
5.57215e+06
5.55953e+06
5.55953e+06
5.55953e+06
5.55953e+06
5.55953e+06
5.55953e+06
5.55953e+06
5.55953e+06
5.55953e+06
5.56554e+06
5.56554e+06
5.56554e+06
5.56812e+06
5.5423e+06
5.5423e+06
5.5423e+06
5.5423e+06
5.5423e+06
5.5423e+06
5.53759e+06
5.53759e+06
5.53759e+06
5.53759e+06
5.53406e+06
5.53406e+06
5.53759e+06
5.53759e+06
5.51665e+06
5.51665e+06
5.51665e+06
5.51665e+06
5.51665e+06
5.51665e+06
5.51665e+06
5.51665e+06
5.51665e+06
5.51665e+06
5.51665e+06
5.51665e+06
5.53759e+06
5.54343e+06
5.53676e+06
5.55048e+06
5.55404e+06
5.56812e+06
5.5281e+06
5.55617e+06
5.55617e+06
5.55617e+06
5.56812e+06
5.52392e+06
5.52392e+06
5.52392e+06
5.57074e+06
5.57074e+06
5.55813e+06
5.55813e+06
5.55813e+06
5.55813e+06
5.55813e+06
5.42667e+06
0.391498