5.72438e+06
5.72438e+06
5.66728e+06
5.70457e+06
5.64953e+06
5.64866e+06
5.64953e+06
5.64953e+06
5.6258e+06
5.60727e+06
5.60687e+06
5.61261e+06
5.61261e+06
5.5977e+06
5.61261e+06
5.61261e+06
5.60593e+06
5.60593e+06
5.59981e+06
5.59979e+06
5.57226e+06
5.57226e+06
5.59925e+06
5.59925e+06
5.59925e+06
5.58468e+06
5.58468e+06
5.52008e+06
5.52008e+06
5.52008e+06
5.52008e+06
5.52008e+06
5.52008e+06
5.52008e+06
5.52008e+06
5.52008e+06
5.50995e+06
5.50995e+06
5.50995e+06
5.50995e+06
5.50995e+06
5.50995e+06
5.50995e+06
5.50995e+06
5.55844e+06
5.55844e+06
5.55479e+06
5.55479e+06
5.55479e+06
5.55479e+06
5.55479e+06
5.55224e+06
5.55224e+06
5.53297e+06
5.53297e+06
5.53297e+06
5.53297e+06
5.53297e+06
5.53297e+06
5.52384e+06
5.52384e+06
5.52384e+06
5.52384e+06
5.52933e+06
5.52933e+06
5.52933e+06
5.52933e+06
5.52933e+06
5.52933e+06
5.55214e+06
5.5492e+06
5.53936e+06
5.54417e+06
5.54417e+06
5.54417e+06
5.54417e+06
5.5202e+06
5.53983e+06
5.53983e+06
5.53125e+06
5.53125e+06
5.53713e+06
5.53713e+06
5.53713e+06
5.53832e+06
5.53832e+06
5.5228e+06
5.5228e+06
5.5228e+06
5.5228e+06
5.5228e+06
5.5228e+06
5.5228e+06
5.5228e+06
5.51124e+06
5.51124e+06
5.51124e+06
5.51124e+06
5.51124e+06
5.51893e+06
5.5108e+06
5.51893e+06
5.51351e+06
5.51893e+06
5.51893e+06
5.51886e+06
5.51886e+06
5.51886e+06
5.51886e+06
5.51886e+06
5.51893e+06
5.51893e+06
5.51893e+06
5.51893e+06
5.51203e+06
5.51203e+06
5.51203e+06
5.50519e+06
5.50519e+06
5.50519e+06
5.50519e+06
5.50519e+06
5.50519e+06
5.50519e+06
5.50519e+06
5.51203e+06
5.51203e+06
5.51203e+06
5.51203e+06
5.51203e+06
5.50699e+06
5.50699e+06
5.50699e+06
5.50699e+06
5.50699e+06
5.50699e+06
5.50832e+06
5.50832e+06
5.50832e+06
5.50832e+06
5.50832e+06
5.50832e+06
5.50832e+06
5.50832e+06
5.51203e+06
5.51234e+06
5.5109e+06
5.5109e+06
5.5109e+06
5.5109e+06
5.42667e+06
1.9582