35328
35328
33012
33012
35118
27524
35168
35168
31832
35328
34130
23362
24900
34428
29594
31256
25134
25134
31458
31458
31458
35300
27648
27648
34756
31994
29794
29794
29794
32416
33696
33696
30520
30520
30144
30144
29986
29986
29986
34674
34798
35132
33948
35132
34024
34024
34024
33674
33532
33532
33220
33220
30886
29206
24002
24002
24002
24002
24002
24002
30396
30396
27272
31744
31340
31340
29288
28838
28838
28838
28838
28838
28838
27058
27058
28838
28838
21432
32988
29162
29162
26092
26092
26358
26358
31858
31548
29982
30458
30652
30652
30564
30652
23086
33958
29400
25096
35348
32594
28512
28512
28512
28512
34860
35624
33020
33020
32766
29480
25348
19888
31364
31364
31364
31364
31364
31364
31364
29938
29938
31364
34940
36856
36138
34262
30482
30482
30482
34718
34718
34718
34718
34718
34718
34718
29720
29720
33566
32018
32018
33332
30458
27966
32190
33802
33408
32796
34424
34424
30074
9896
0.327573