35328
31342
25346
25056
25056
19678
19678
19678
19678
19678
19678
16990
16990
16990
16990
16990
16086
16086
16086
16086
16086
16086
16086
16086
16086
16086
16086
16086
16086
16086
16086
16086
16086
14590
14590
14590
14590
14590
14590
14590
13596
13596
13596
13596
13596
13596
13596
13596
13596
13596
13596
13596
13596
13596
13596
13596
13596
13596
13596
13596
13596
13596
13596
13596
13596
13596
13596
13596
13596
13596
13596
13596
13596
13596
13596
13596
13596
13596
13596
13596
13596
13596
13596
13596
13596
13596
13596
13596
13596
13596
13596
13596
13596
13596
13596
13596
13596
13596
13596
13596
13596
13596
13596
13596
13596
13596
13596
13596
13596
13596
13596
13596
13596
13596
13596
13596
13596
13596
13596
13596
13596
13596
13596
12560
12560
12560
12560
12560
12560
12560
12560
12560
12560
12560
12560
12560
12560
12560
12560
12560
12560
12560
12560
12560
12560
12560
12560
12560
12560
12560
9896
3.25347