29040
19714
17898
17898
14922
14922
14922
14908
14908
14246
11510
11510
11510
11510
11510
11510
11510
11510
11510
11510
11510
11510
11510
11510
11510
11510
11418
11418
11418
11418
11418
11418
11418
11418
11124
11124
11124
11124
11124
11124
11124
11124
10754
10754
10754
10754
10754
10754
10754
10754
10754
10422
10422
10422
10422
10354
10354
10354
10354
10354
10354
10354
10354
10354
10354
10354
10354
10354
10354
10354
10354
10354
10354
10354
10354
10354
10202
10202
10202
10202
10202
10202
10202
10202
10202
10202
9916
9916
9916
9916
9916
9916
9562
9562
9562
9562
9562
9562
9562
9562
9562
9562
9562
9562
9562
9562
9562
9562
9562
9562
9562
9562
9562
9562
9562
9562
9562
9562
9562
9562
9562
9562
9562
9562
9562
9562
9562
9562
9562
9562
9562
9562
9562
9562
9562
9562
9562
9562
9562
9562
9562
9562
9562
9562
9562
9562
9562
9562
9562
9562
9552
0.793722