35328
27042
20518
24498
19534
24988
24986
22432
24822
22418
20836
25668
20478
22280
22568
20334
20920
22034
28102
19938
23844
20304
22948
25926
18432
23692
24784
21224
21822
24420
26344
20384
20050
27586
25716
22026
28350
20710
17414
22714
20742
24762
21656
18282
18234
26170
21838
23634
20740
23940
27350
25354
18014
25358
18174
19910
24778
24952
21202
23202
23414
23368
25428
19608
20032
22364
16968
20836
23970
16134
23730
21596
24634
21212
26138
19680
21824
19550
19324
17942
20708
16908
24518
23952
20592
25320
21752
22938
21790
17484
22778
27118
23666
23672
24466
22162
24882
19738
23004
18450
22822
24412
19388
22690
24270
23722
25434
23614
24244
23194
19988
24262
21298
23900
24564
25366
23258
21832
24224
21476
20700
21690
27342
17546
20132
20952
20464
18984
19504
19248
24212
24596
24404
25060
25344
19972
24960
16060
21370
26246
23840
22038
16728
18670
23706
23432
22638
20448
19594
26518
9896
4.56648