29040
19310
14178
14178
14178
13050
13050
13050
13050
13050
13050
13050
13050
13050
12480
12480
12480
12480
12480
12480
12480
12480
12480
12480
12480
12480
12480
12480
12480
11512
11512
11512
11512
11512
11512
11512
11512
11512
11512
11512
11512
11512
11512
11512
11512
11512
11512
11248
11248
11248
11248
11248
11248
11248
11248
11248
11248
11248
11248
11248
11248
11248
11248
11248
11248
11248
11248
11248
11248
11248
11248
11248
11248
11248
11248
11248
11248
11248
11248
11248
11248
11248
11248
11248
11248
11248
11248
11248
11248
11248
11248
11248
11248
11036
11036
11036
11036
11036
11036
11036
11036
11036
11036
11036
11036
11036
11036
11036
11036
11036
11036
10518
10518
10518
10518
10518
10518
10518
10518
10518
10518
10518
10518
10226
10226
10226
10226
10226
10226
10226
10226
10226
10226
10226
10226
10226
10226
10226
10226
10226
10226
10226
10226
10226
10226
10226
10226
10226
10226
10226
9552
2.4946