29040
25490
24518
20206
17368
17368
17368
23260
24104
24104
24892
21298
21782
24382
23844
23516
23844
23548
20206
20206
20206
23548
23548
26202
26146
24546
23034
23734
23734
21540
21540
21540
21540
21540
21540
22744
22744
23266
23266
23266
23266
23266
23266
23266
23266
21100
19696
21836
18964
21222
22432
23998
24458
19916
24254
22050
22988
21802
18386
18386
18386
18386
18386
18386
18386
18586
18586
24574
24574
24574
24574
23668
21706
20212
20212
20212
16284
16284
16284
19950
18584
18584
25226
21440
24414
20918
20918
20918
20354
20354
20488
22818
20632
21942
20830
20830
20830
19784
20830
20830
20830
20830
13934
25404
25404
25404
18340
18340
18340
18386
18386
18386
22976
22976
19574
19574
19574
19574
22936
23310
23310
18868
18868
18868
25662
23936
25662
24188
23276
22780
22780
22780
22780
22780
22780
22780
21190
21190
21190
22538
22538
24410
25272
25272
22908
22368
22368
22368
20002
20002
9552
1.25178