55406
37968
31492
31168
31960
31920
32830
26508
37772
32202
30464
31442
32510
31588
30666
34530
34688
34214
33228
30376
32578
32066
34062
31820
34344
35530
34588
33922
34834
28958
30324
35766
32666
27636
31314
33472
25112
28790
33674
37368
28384
37930
32476
32710
34032
35944
32938
31498
29096
33502
33158
37732
35488
33500
29992
33584
32740
29760
35134
34192
35204
36002
36364
33648
31920
34602
34794
35020
25330
34760
29694
34706
34914
37534
29452
34408
32920
33920
33266
33530
31998
36298
26412
29934
33038
35182
35170
38392
33058
28654
34342
30724
32554
36230
35092
32256
35104
27470
33148
34444
36590
32696
31902
35960
27810
31494
22242
35216
29208
29124
30416
29010
28320
38542
35524
28226
31878
25562
31270
30472
33420
34676
30298
36284
34484
30296
32210
33828
36428
29300
31598
33266
31970
30288
37194
32972
33408
37456
33982
33026
37890
32452
34286
33890
32770
34596
35860
35270
33670
38158
11098
6.1699