55406
48992
43136
43276
48922
48648
43182
48234
46680
45356
40416
44282
44282
44282
44282
37042
44282
44282
41424
35828
35828
35828
39120
39120
39120
45886
47144
47144
44410
45564
44472
42624
37406
33706
33706
33706
40700
40700
33638
33638
40700
40700
40700
40700
33734
33734
43842
43842
43842
39346
39346
39346
36268
44180
43262
34930
34930
34930
34930
42702
45360
37238
41436
41436
43734
40358
38774
38774
38774
41148
41148
39772
38370
38370
38370
38370
38370
36816
36816
36816
36816
36816
36816
34118
36816
42186
42186
45360
41110
41110
41110
45608
38996
38996
38318
38318
38318
38616
38616
40528
34280
31474
42818
42818
42818
42818
42818
42818
42620
43354
42146
33322
33322
33322
35890
41154
43354
43314
41844
44568
43040
43040
43040
44036
36790
32714
32714
41362
41362
40622
40622
40622
40622
40622
40622
40622
35814
35814
43766
42510
40900
35988
35988
35988
35988
35988
39338
41764
41764
42424
11098
0.354608