35328
29436
26386
19548
19286
19286
18860
18712
18712
16132
16132
16132
15990
15990
15990
15990
15990
15990
15990
15610
14898
14298
14050
14050
13354
13354
13354
13354
12966
11844
11844
11844
11844
10836
10836
10836
10836
10836
10836
10836
10836
10836
10836
10836
10836
10812
10812
10812
10812
10812
10812
10812
10812
10812
10812
10812
10812
10812
10812
10812
10812
10812
10812
10812
10812
10812
10812
10812
10812
10812
10812
10812
10812
10812
10812
10812
10812
10812
10812
10812
10812
10812
10812
10812
10812
10812
10812
10812
10812
10812
10812
10812
10812
10812
10812
10812
10812
10812
10812
10812
10812
10812
10812
10812
10812
10812
10812
10812
10812
10812
10812
10812
10812
10812
10812
10812
10812
10812
10812
10812
10812
10812
10812
10812
10812
10812
10812
10812
10812
10812
10812
10812
10812
10812
10812
10812
10812
10408
10408
10408
10408
10408
10408
10408
10408
10408
10408
10408
10408
10408
9896
1.05087