29040
19386
17062
18236
16558
15534
16084
13408
19958
14326
19134
16986
16746
16530
19046
18032
17766
17156
18194
17472
16796
16628
14488
15668
18526
15594
18892
14066
14534
15544
16938
15988
14814
17052
16146
16366
20080
15792
16828
18878
13308
16310
18022
17352
12898
18610
17240
17318
14034
14748
16536
16066
16174
15768
17272
18700
17450
14652
17792
18952
17980
17752
14802
15666
18838
18230
17178
17198
17434
17152
18342
19078
17804
16264
16478
16096
17034
17914
16786
17166
16092
18164
18784
17198
17128
18470
18984
16452
19108
16898
14766
18468
16348
19326
17144
19270
19086
18964
17390
16910
15608
17022
14858
18496
18270
13628
11542
15922
16124
18542
14508
15402
16680
16728
12864
17838
15354
17244
16730
17040
16030
15268
18278
15862
16458
16474
12888
16698
16438
11770
16566
14422
17318
17398
19794
15422
17674
17436
18118
15960
18394
19600
17922
14576
15798
18022
15408
16614
16648
14746
9552
3.19472