35328
35328
35328
35328
35328
35328
35328
35328
35328
35328
35328
35328
35328
35328
35328
35328
35328
35328
35328
35328
35328
35328
35328
35328
35328
35328
35328
35328
35328
35328
35328
35328
35328
35328
35328
35328
35328
35328
35328
35328
35328
35328
35328
35328
35328
35328
35328
35328
35328
35328
35328
35328
35328
35328
35328
35328
35328
35328
35328
35328
35328
26990
26990
26990
26990
26990
26990
26990
26990
26990
26990
26990
26990
26990
26990
26990
26990
26990
26990
26990
26990
26990
26990
26990
26990
26990
26990
26990
26990
26990
26990
26990
26990
26990
26990
26990
26990
26990
26990
26990
26990
26990
26990
26990
26990
26990
26990
26990
26990
26990
26990
26990
26990
21632
21632
21632
21632
21632
21632
21632
21632
21632
21632
21632
21632
21632
21632
21632
21632
21632
21632
21632
21632
21632
21632
21632
21632
21632
21632
21632
21632
21632
21632
21632
21632
21632
21632
21632
21632
21632
9896
12.6905