35328
24666
22076
22076
19030
19030
19030
19030
19030
19030
19030
19030
19030
19030
19030
19030
18422
18422
18422
18422
18422
18422
18422
18422
18422
18422
18422
18422
18422
17554
17554
17554
17554
17554
17554
17554
17554
17554
17554
16810
16810
16810
16810
16810
16810
16810
16810
16810
16810
16810
16810
16810
16810
16810
16810
16810
16810
16810
15594
15594
15594
15594
15594
15594
15594
15594
15594
15594
15594
15594
15594
15594
15464
15464
15464
15464
15464
15464
15464
15464
15464
15464
15464
15464
15464
15464
15464
15464
15464
15464
15464
15464
15464
15464
15464
15464
15464
14940
14940
14940
14940
14940
14940
14940
14940
14940
14940
14940
14940
14940
14940
14940
14940
14940
14940
14940
14940
14940
14940
14940
14940
14940
14940
14940
14940
14940
14940
14940
14940
14940
14940
14940
14940
14940
14940
14940
14940
14940
14940
14940
14940
14940
14940
14940
14940
14940
14940
14940
14940
14940
9896
0.537379