29040
20564
17272
16818
16818
16818
13582
13582
13582
12696
12616
12616
12616
12616
12616
12350
12350
12350
12350
12350
12350
12350
12350
12350
12350
12350
12350
12350
12350
12350
12350
12350
12350
12310
12310
12310
12310
12310
12282
12282
12282
12278
12278
11732
11732
11732
11732
11732
11732
11732
11732
11732
11732
11732
10620
10620
10620
10620
10620
10620
10620
10620
10620
10620
10620
10620
10620
10620
10620
10620
10620
10620
10620
10620
10620
10620
10620
10306
10306
10306
10306
10306
10306
10306
10306
10306
10306
10306
10306
10306
10306
10306
10306
10306
10306
10306
10306
10306
10306
10306
10306
10306
10306
10306
10306
10306
10306
10306
10306
10306
10306
10306
10306
10306
10306
10306
10306
10306
10306
10306
10306
10306
10306
10306
10306
10306
10306
10306
10306
10306
10306
10306
10306
10306
10306
10306
10306
10306
10306
10306
10306
10306
10306
10306
10306
10306
10306
10306
10306
10306
9552
0.471608