55406
49192
49192
49192
49192
49192
49192
49192
49192
49192
49192
49192
49192
49192
49192
49192
49192
49192
49192
40370
40370
40370
40370
40370
40370
40370
40370
40370
40370
40370
40370
40370
40370
40370
40370
40370
40370
40370
40370
40370
40370
40370
40370
40370
40370
40370
40370
40370
40370
40370
40370
40370
40370
40370
40370
40370
40370
40370
40370
40370
40370
40370
40370
40370
40370
40370
40370
40370
40370
40370
40370
40370
40370
40370
40370
40370
40370
40370
40370
40370
40370
40370
40370
40370
40370
40370
40370
40370
40370
40370
40370
40370
40370
40370
40370
40370
40370
40370
40370
40370
40370
40370
40370
40370
40370
40370
40370
40370
40370
40370
40370
40370
40370
40370
40370
40370
40370
40370
40370
40370
40370
40370
40370
40370
40370
40370
40370
40370
40370
40370
40370
40370
40370
40370
40370
40370
40370
40370
40370
30824
30824
30824
30824
30824
30824
30824
30824
30824
30824
30824
11098
7.99272