55406
39284
35594
35594
35594
30120
30120
30120
28126
28126
28126
25936
25936
24438
24438
24438
24438
24438
24438
24438
24438
24438
24438
24438
24438
24438
24438
24438
24438
24166
24166
24166
23638
23638
23638
23638
23638
23638
23436
23436
23436
23436
23436
23436
23436
23436
23436
23436
23436
23436
23436
23436
23436
23436
23340
23340
23340
20432
20432
20432
20432
20432
20432
20432
20432
20432
20432
20432
20432
20432
20432
20432
20432
20432
20432
20432
20432
20432
20432
20432
20432
20432
20432
20432
20432
20432
20432
20432
20432
20432
20336
20336
20336
20336
20336
20336
20336
20336
20336
20336
20336
20336
20336
20336
20336
20336
20336
20336
20336
20336
18258
18258
18258
18258
18258
18258
18258
18258
18258
18258
18258
18258
18258
18258
18258
18258
18258
18258
18258
18258
18258
18258
18258
18258
18258
18258
18258
18258
18258
18258
18258
18258
18258
18258
18258
18258
18258
18258
18258
18258
11098
4.14612