55406
37368
33746
33746
32560
32560
32560
27682
27682
27682
25952
25952
25952
25952
25952
25106
25106
25106
25082
25082
23940
23940
23192
23192
23192
23192
23192
23192
23192
23192
23192
23192
23192
23192
23192
22646
22646
19634
19634
19634
19634
19634
19634
19634
19634
19634
19634
19634
19634
19634
19634
19634
19634
19634
19634
19634
19634
19634
19634
19634
19634
19634
19634
19634
19634
19634
19634
19634
19634
19634
19634
19634
19634
19634
19634
19634
19634
19634
19634
19634
19634
19634
19634
19634
19634
19634
19634
19634
19634
19634
19634
19634
19634
19634
19634
19634
19634
19634
19634
19634
19634
19634
19634
19634
19634
19634
19634
19634
19634
19634
19634
19634
19634
19634
19634
19634
19634
19634
19634
19634
19634
19634
19634
19634
19634
19634
19634
19634
19634
19634
19634
19634
19634
19634
19634
19634
19634
19634
19634
19634
19634
19634
19634
19634
19634
19634
19634
19634
19634
19634
11098
0.647365