7028
6744
6260
5120
5370
5632
5746
5732
5114
5510
5698
5896
5852
5590
5236
5184
5592
4810
5336
4996
5594
5058
5472
5426
4878
5296
5286
5434
4686
5694
5548
5048
5874
5866
5716
5390
5446
5122
5540
5514
5468
5576
5036
5880
5570
4900
5210
4990
5368
5250
4258
5176
5248
5386
4934
5234
5520
5594
5074
5840
5416
5588
5360
5786
5316
5338
5002
5126
5544
5766
5510
4782
5134
5056
5732
5122
4790
5182
5460
5570
5368
5022
5394
5312
5590
5390
5080
5672
4930
5578
5544
5482
5806
5374
5264
5488
5272
5274
5948
5604
5412
5638
5362
4798
5002
5674
4438
5162
5320
5502
5150
4582
5882
5464
4850
5362
5428
4988
5670
5318
4938
5634
5318
4216
5298
5758
5426
5572
5324
5042
4598
5602
4994
5440
5208
5496
5454
5924
5612
5620
5250
5198
5844
5830
5294
5212
5088
5484
5104
5104
2192
7.46372