7028
7028
7028
7028
7028
7028
7028
7028
7028
7028
7028
7028
7028
7028
7028
7028
7028
7028
7028
7028
7028
7028
7028
7028
7028
6992
6992
6992
6992
6992
6992
6992
6992
6992
6992
6992
6992
6992
6992
6992
6992
6992
6992
6992
6992
6992
6992
6992
6992
6992
6766
6766
6766
6766
6766
6766
6766
6766
6766
6766
6766
6766
6766
6766
6766
6766
6766
6766
6766
6766
6766
6766
6766
6766
6766
6766
6766
6766
6766
6766
6766
6766
6766
6766
6766
6766
6766
6766
6766
6766
6766
6766
6766
6766
6766
6766
6766
6766
6766
6766
6766
6766
6766
6766
6766
6766
6766
6766
6766
6766
6758
6758
6758
6758
6758
6758
6758
6758
6758
6758
6758
6758
6758
6758
6758
6758
6758
6758
6758
6758
6620
6614
6614
6614
6614
6614
6614
6614
6614
6614
6614
6614
6614
6614
6614
6614
6614
6614
6614
6614
2192
15.6312