7028
6520
6344
6242
6344
6242
6344
6242
6344
6242
6344
6242
6344
6242
6344
6242
6344
6242
5884
6130
5836
6034
5836
6034
5836
6034
5836
6034
5836
6034
5836
6034
5836
6034
5836
6034
5836
5356
5412
5356
5412
5356
5412
5356
5412
5356
5412
5356
5412
5356
5412
5356
5412
5356
5412
5356
5370
5704
5520
5704
5356
5516
5704
5520
5790
5356
5516
5794
5520
5704
5356
5516
5704
5520
5000
5304
5520
5304
5676
5304
5676
5304
5520
5304
5676
5304
5676
5304
5520
5304
5676
5304
5332
4958
4800
4958
4800
4958
4800
4958
4800
4958
4800
4958
4800
4958
4800
4958
4800
4596
4506
4506
4506
4506
4506
4506
4506
4506
4506
4506
4506
4506
4506
4506
4506
4506
4506
4506
4506
4114
4298
4114
4450
4114
4450
4114
4450
4114
4450
4114
4298
4114
4450
4114
4450
4114
4450
4696
4594
4684
2192
8.16815