10610
10268
10268
10268
10268
10268
10268
10268
10268
10268
10268
10268
10268
10268
10268
10268
10268
10268
10268
10268
10268
10268
10268
10268
10268
10268
10268
10268
10008
10008
10008
10008
10008
10008
10008
10008
10008
10008
10008
10008
9446
9446
9446
9446
9446
9446
9446
9446
9446
9446
9446
9446
9446
9446
9446
9116
9116
9116
9116
9116
9116
9116
9116
9116
9116
9116
9116
9116
9116
9116
9116
9116
9116
9116
9116
9116
9116
9116
9116
9116
9116
9116
9116
9116
9116
9116
9116
9116
9116
9116
9116
9116
9116
9116
9116
9116
9116
9116
9116
9116
9116
9116
9116
9116
9116
9116
9116
9116
9116
9116
9116
9116
9116
9116
9116
9116
9116
9116
9116
9116
9116
9116
9116
9116
9116
9116
9116
9116
9116
9116
9116
9116
9116
9116
9116
9116
9116
9116
9116
9116
9116
9116
9116
9116
9116
9116
9116
9116
9116
9116
6156
19.7408