14974
11602
11010
10106
10106
10106
10106
9644
9644
9644
9644
9644
9644
9644
9644
9644
9296
8562
8562
8562
8562
8562
8494
8494
8494
8494
8494
8494
8494
8494
8494
8494
8494
8494
8494
8494
8494
8494
8494
8494
8494
8276
7924
7924
7924
7924
7924
7924
7924
7924
7924
7924
7924
7924
7924
7924
7924
7924
7924
7924
7924
7924
7924
7924
7924
7924
7924
7924
7924
7924
7924
7924
7924
7924
7924
7924
7924
7924
7924
7924
7924
7924
7924
7924
7924
7924
7924
7924
7924
7924
7924
7924
7924
7924
7924
7924
7924
7924
7924
7600
7600
7600
7600
7600
7600
7600
7600
7600
7600
7600
7600
7600
7600
7600
7600
7600
7600
7600
7600
7600
7600
7600
7600
7600
7600
7600
7600
7600
7600
7600
7600
7600
7600
7600
7600
7600
7600
7600
7600
7600
7600
7600
7600
7600
7600
7600
7600
7600
7600
7600
3796
0.791191