10610
9194
8810
8482
8482
7862
7862
7862
7862
7862
7862
7862
7862
7862
7862
7862
7862
7862
7862
7768
7768
7768
7768
7768
7768
7768
7768
7768
7768
7768
7768
7768
7768
7768
7768
7768
7768
7768
7768
7768
7768
7768
7768
7768
7768
7768
7768
7768
7768
7768
7768
7768
7768
7768
7768
7768
7768
7768
7768
7768
7768
7768
7768
7768
7768
7768
7768
7768
7372
7372
7372
7372
7372
7372
7372
7372
7372
7372
7372
7372
7372
7372
7372
7372
7372
7372
7372
7372
7372
7372
7372
7372
7372
7372
7372
7294
7294
7294
7294
7294
7294
7294
7294
7294
7294
7294
7294
7294
7294
7294
7294
7294
7294
7294
7294
7294
7294
7294
7294
7294
7294
7294
7294
7294
7294
7294
7294
7294
7294
7294
7294
7294
7294
7294
7294
7294
7294
7294
7294
7294
7294
7294
7294
7294
7294
7294
7294
7294
7294
7294
6156
0.778686