14974
12696
11214
11114
10466
10466
10466
9354
9354
9354
9354
9056
9056
9056
8512
8512
8512
8512
8512
8512
8424
8424
8424
8424
8424
8424
8424
8424
8424
8424
8424
8424
8424
8424
8424
8424
8424
8424
8424
8424
8424
7864
7864
7864
7864
7864
7864
7864
7864
7864
7864
7864
7864
7864
7614
7614
7614
7614
7614
7614
7614
7614
7566
7566
7566
7566
7566
7566
7566
7566
7566
7566
7566
7566
7566
7566
7566
7566
7566
7566
7566
7566
7566
7566
7566
7566
7566
7566
7566
7308
7308
7308
7308
7268
7268
7268
7268
7268
7268
7268
7268
7268
7268
7268
7268
7268
7268
7268
7268
7268
7268
7268
7268
7268
7268
7268
7268
7268
7268
7268
7268
7268
7268
7268
7268
7268
7268
7268
7268
7268
7268
7268
7268
7268
7268
7268
7268
7268
7268
7268
7268
7268
7268
7198
7198
7198
7198
7198
7198
7198
3796
6.66939