10610
10254
9398
8858
8544
8044
7960
7960
7940
7940
7940
7926
7710
7710
7710
7710
7710
7696
7508
7508
7508
7326
7326
7326
7326
7326
7326
7326
7326
7326
7326
7094
7094
7094
7094
7094
7094
7094
7094
7094
7094
7094
7094
7094
7024
7024
7024
7024
7024
6634
6634
6634
6634
6634
6634
6634
6634
6634
6634
6634
6634
6634
6634
6634
6634
6634
6634
6634
6634
6634
6634
6634
6634
6634
6634
6634
6634
6634
6634
6634
6634
6634
6634
6634
6634
6634
6634
6634
6634
6634
6634
6634
6634
6634
6634
6634
6634
6634
6634
6634
6634
6634
6634
6634
6634
6634
6634
6634
6634
6634
6634
6634
6634
6634
6634
6634
6634
6634
6634
6634
6634
6634
6634
6634
6634
6634
6634
6634
6634
6634
6634
6634
6634
6634
6634
6634
6634
6634
6634
6634
6634
6634
6634
6634
6634
6634
6634
6634
6634
6634
6156
1.43837