10610
9762
8666
8666
8666
8666
8666
8490
8490
8490
8210
8210
8102
8102
8102
7732
7732
7732
7732
7732
7732
7732
7732
7706
7706
7706
7706
7706
7706
7706
7706
7706
7688
7638
7638
7638
7638
7638
7638
7638
7638
7556
7556
7556
7556
7556
7556
7556
7556
7556
7556
7410
7410
7410
7410
7410
7410
7346
7346
7346
7346
7346
7346
7346
7346
7346
7346
7346
7346
7346
7346
7346
7340
7340
7340
7340
7340
7340
7340
7340
7340
7340
7340
7340
7340
7340
7340
7340
7340
7340
7340
7340
7340
7340
7340
7340
7302
7302
7302
7302
7302
7302
7302
7302
7302
7302
7302
7302
7302
7302
7302
7302
6692
6692
6692
6692
6692
6692
6692
6692
6692
6692
6692
6692
6692
6692
6692
6692
6692
6692
6692
6692
6692
6692
6692
6692
6692
6692
6692
6692
6692
6692
6692
6692
6692
6692
6692
6692
6692
6692
6156
5.91804