14974
14974
14974
14974
14974
14974
13648
13648
13648
13648
13648
13648
13648
13648
13648
13648
13648
13648
13648
13648
13648
13648
13648
13648
13648
13648
13648
13648
13648
13648
13648
13648
13648
13648
13648
13648
13648
13648
13648
13648
13648
13648
13648
13648
13648
13648
13648
13648
13648
13648
13648
13648
13648
13648
13648
13648
13648
13648
13648
13648
13648
13648
13648
13648
13648
13648
13648
13648
13648
13648
13648
13648
13648
13648
13648
13648
13648
13648
13648
13648
13648
13648
13648
13270
13270
13270
13270
13270
13270
13270
13270
13270
13270
13270
13270
13270
13270
13270
13270
13270
13270
13270
13270
13270
13270
13270
13270
13270
13270
13270
13270
13270
13270
13270
13270
13270
13270
13270
13270
13270
13270
13270
13270
13270
13270
13270
13270
13270
13270
13270
13270
13270
13270
13270
13270
13270
13270
13270
13270
13270
13270
13270
13270
13270
13270
13270
13270
13270
13270
13270
3796
15.7671