14974
13816
11350
11246
11036
10534
9926
9586
8982
8982
8982
8982
8868
8526
8466
7332
7332
7332
7332
7332
7332
7082
7082
7012
7012
7012
7012
7012
6780
6780
6780
6780
6780
6780
6586
6458
6458
6458
6458
6450
6450
6450
6450
6314
6314
6314
6314
6314
6274
6274
6274
6274
6078
6078
6078
6056
6056
6056
6056
6056
6056
6056
6056
6056
6056
6056
6056
6056
6056
6056
6056
5968
5968
5968
5968
5968
5968
5858
5716
5716
5716
5716
5716
5716
5716
5716
5716
5716
5716
5716
5716
5716
5716
5716
5716
5716
5716
5716
5716
5716
5716
5716
5716
5716
5716
5716
5716
5716
5716
5716
5716
5716
5716
5716
5716
5716
5716
5716
5716
5716
5716
5716
5716
5716
5716
5716
5716
5716
5716
5716
5716
5716
5716
5716
5716
5716
5716
5716
5716
5716
5706
5706
5706
5706
5582
5582
5582
5582
5582
5582
3796
1.49185