10610
9644
9644
9644
9644
9644
9534
9488
9534
9488
9534
9488
9534
9488
9534
9488
9534
9488
9534
9488
9534
8878
8824
8824
8824
8824
8824
8824
8824
8824
8824
8824
8824
8824
8824
8824
8824
8628
8724
8824
8724
8824
8724
8824
8724
8824
8724
8824
8724
8824
8724
8824
8724
8824
8606
8314
8270
8314
8408
8314
8270
8314
8408
8314
8270
8314
8408
8314
8270
8314
8036
8378
8036
8378
8036
8378
8036
8378
8036
8378
8036
8378
8036
8378
8036
8378
8102
7620
7914
7668
7740
7754
8018
7668
7740
7754
8018
7668
7740
7754
8018
7668
7740
8222
7740
8222
7740
8222
7740
8222
7740
8222
7740
8222
7740
8222
7740
8222
7740
7740
7740
7740
7740
7740
7740
7740
7740
7740
7740
7740
7740
7740
7740
7740
7740
8018
7740
7896
7740
7896
7740
7896
7740
7896
7740
7896
7740
7896
7740
7896
6156
9.32841