3.08138e+07
3.95714e+07
4.05463e+07
3.43963e+07
3.73307e+07
3.73307e+07
3.24445e+07
3.24445e+07
3.13087e+07
3.13087e+07
3.85229e+07
3.40622e+07
3.40622e+07
3.35879e+07
2.98037e+07
3.90182e+07
3.72326e+07
3.39405e+07
3.20575e+07
2.75999e+07
2.75999e+07
2.75999e+07
2.86615e+07
2.86615e+07
3.02511e+07
3.02511e+07
2.21178e+07
2.21178e+07
2.21178e+07
2.21178e+07
2.21178e+07
2.94417e+07
2.92119e+07
2.94494e+07
3.32306e+07
3.28174e+07
3.28174e+07
3.18444e+07
3.25873e+07
2.86379e+07
2.65484e+07
3.06181e+07
3.13175e+07
2.80372e+07
3.19248e+07
2.78671e+07
2.78671e+07
2.72649e+07
2.78671e+07
2.84924e+07
2.84924e+07
2.84924e+07
2.84924e+07
2.84924e+07
3.18486e+07
3.18486e+07
3.18486e+07
2.53616e+07
2.54657e+07
2.86716e+07
2.75237e+07
3.37456e+07
3.00412e+07
3.00412e+07
3.00412e+07
3.03419e+07
2.88592e+07
2.88592e+07
3.04887e+07
3.04887e+07
3.20406e+07
2.39779e+07
2.39779e+07
2.39779e+07
3.15197e+07
3.15197e+07
3.15197e+07
2.97054e+07
3.15197e+07
3.15197e+07
3.20427e+07
3.09326e+07
2.95191e+07
2.93474e+07
2.96163e+07
3.21356e+07
3.21356e+07
3.09587e+07
3.03002e+07
3.03002e+07
2.93854e+07
2.82972e+07
2.93854e+07
2.92315e+07
2.92315e+07
2.62058e+07
2.62058e+07
2.62058e+07
2.62058e+07
2.62058e+07
2.62058e+07
2.83198e+07
2.66994e+07
2.66994e+07
2.56344e+07
2.66994e+07
2.80665e+07
2.80665e+07
2.92047e+07
2.92047e+07
2.80002e+07
2.80002e+07
2.80002e+07
2.7526e+07
2.7526e+07
2.7526e+07
2.7526e+07
2.7526e+07
3.1641e+07
3.23882e+07
2.94816e+07
3.23882e+07
3.32178e+07
3.00776e+07
3.32178e+07
3.15321e+07
3.15321e+07
3.28175e+07
2.99922e+07
2.99922e+07
2.91851e+07
3.21066e+07
3.21066e+07
3.17574e+07
3.17574e+07
3.17574e+07
3.17574e+07
2.87137e+07
2.98703e+07
2.98703e+07
2.98703e+07
2.98703e+07
2.98703e+07
2.7619e+07
2.68095e+07
2.68095e+07
2.78055e+07
2.78055e+07
2.78055e+07
2.86417e+07
1.72125e+07
0.357433