3.08138e+07
2.74309e+07
2.74309e+07
2.74309e+07
2.74309e+07
2.74309e+07
2.74309e+07
2.74309e+07
2.74309e+07
3.53255e+07
3.42557e+07
3.42557e+07
3.42557e+07
3.42557e+07
3.42557e+07
3.42557e+07
3.42557e+07
3.42557e+07
3.42557e+07
3.42557e+07
3.42557e+07
3.42557e+07
3.42557e+07
3.42557e+07
3.42557e+07
3.42557e+07
3.42557e+07
3.42557e+07
3.42557e+07
3.42557e+07
3.42557e+07
3.42557e+07
3.42557e+07
3.42557e+07
3.42557e+07
3.42557e+07
3.42557e+07
3.42557e+07
3.42557e+07
3.42557e+07
3.42557e+07
3.42557e+07
3.42557e+07
3.42557e+07
3.42557e+07
3.42557e+07
3.42557e+07
3.42557e+07
3.42557e+07
3.42557e+07
3.42557e+07
3.42557e+07
3.42557e+07
3.42557e+07
3.42557e+07
3.42557e+07
3.42557e+07
3.42557e+07
3.42557e+07
3.42557e+07
3.42557e+07
3.42557e+07
3.42557e+07
3.42557e+07
3.42557e+07
3.42557e+07
3.42557e+07
3.42557e+07
3.42557e+07
3.42557e+07
3.42557e+07
3.42557e+07
3.42557e+07
3.42557e+07
3.42557e+07
3.42557e+07
3.42557e+07
3.42557e+07
3.42557e+07
3.42557e+07
3.42557e+07
3.42557e+07
3.42557e+07
3.42557e+07
3.42557e+07
3.42557e+07
3.42557e+07
3.42557e+07
3.42557e+07
3.42557e+07
3.42557e+07
3.42557e+07
3.42557e+07
3.42557e+07
3.42557e+07
3.42557e+07
3.42557e+07
3.42557e+07
3.42557e+07
3.42557e+07
3.42557e+07
3.42557e+07
3.42557e+07
3.42557e+07
3.42557e+07
3.42557e+07
3.37571e+07
3.37571e+07
3.33002e+07
3.33002e+07
3.33002e+07
3.33002e+07
3.33002e+07
3.33002e+07
3.33002e+07
3.33002e+07
3.33002e+07
3.33002e+07
3.33002e+07
3.33002e+07
3.33002e+07
3.33002e+07
3.33002e+07
3.33002e+07
3.33002e+07
3.33002e+07
3.33002e+07
3.33002e+07
3.33002e+07
3.33002e+07
3.33002e+07
3.33002e+07
3.33002e+07
3.33002e+07
3.33002e+07
3.33002e+07
3.32557e+07
3.32557e+07
3.32557e+07
3.32557e+07
3.32557e+07
3.32557e+07
3.32557e+07
3.32557e+07
3.32557e+07
3.32557e+07
3.32557e+07
3.32557e+07
3.32557e+07
3.32557e+07
1.72125e+07
18.2207