3.08138e+07
2.57397e+07
2.50198e+07
2.24679e+07
2.24679e+07
2.24679e+07
2.11988e+07
2.11988e+07
2.11988e+07
2.11988e+07
2.11988e+07
2.11988e+07
1.92689e+07
1.92689e+07
1.92689e+07
1.92689e+07
1.91236e+07
1.91236e+07
1.91236e+07
1.91236e+07
1.91236e+07
1.91236e+07
1.91236e+07
1.91236e+07
1.8577e+07
1.8577e+07
1.8577e+07
1.8577e+07
1.8577e+07
1.8577e+07
1.8577e+07
1.8577e+07
1.8577e+07
1.8577e+07
1.8577e+07
1.8577e+07
1.8577e+07
1.8577e+07
1.8577e+07
1.8577e+07
1.8577e+07
1.81019e+07
1.81019e+07
1.81019e+07
1.81019e+07
1.81019e+07
1.81019e+07
1.81019e+07
1.81019e+07
1.81019e+07
1.81019e+07
1.81019e+07
1.81019e+07
1.81019e+07
1.81019e+07
1.81019e+07
1.81019e+07
1.81019e+07
1.81019e+07
1.81019e+07
1.81019e+07
1.81019e+07
1.81019e+07
1.81019e+07
1.81019e+07
1.81019e+07
1.81019e+07
1.81019e+07
1.81019e+07
1.81019e+07
1.81019e+07
1.81019e+07
1.81019e+07
1.81019e+07
1.80738e+07
1.80738e+07
1.80738e+07
1.80738e+07
1.80738e+07
1.80738e+07
1.80738e+07
1.80738e+07
1.80738e+07
1.80738e+07
1.80738e+07
1.80738e+07
1.80738e+07
1.80738e+07
1.80738e+07
1.80738e+07
1.80738e+07
1.80738e+07
1.80738e+07
1.80738e+07
1.80738e+07
1.80738e+07
1.80738e+07
1.80738e+07
1.80738e+07
1.80738e+07
1.80738e+07
1.80738e+07
1.80738e+07
1.80738e+07
1.80738e+07
1.80738e+07
1.80738e+07
1.80738e+07
1.80738e+07
1.80738e+07
1.80738e+07
1.80738e+07
1.80738e+07
1.80738e+07
1.80738e+07
1.80738e+07
1.80738e+07
1.80738e+07
1.80738e+07
1.80738e+07
1.80738e+07
1.80738e+07
1.80738e+07
1.80738e+07
1.80738e+07
1.80738e+07
1.80738e+07
1.80738e+07
1.80738e+07
1.77346e+07
1.77346e+07
1.77346e+07
1.77346e+07
1.77346e+07
1.77346e+07
1.77346e+07
1.77346e+07
1.77346e+07
1.77346e+07
1.77346e+07
1.77346e+07
1.77346e+07
1.77346e+07
1.77346e+07
1.77346e+07
1.77346e+07
1.77346e+07
1.77346e+07
1.77346e+07
1.77346e+07
1.72125e+07
0.704125