3.08138e+07
2.91961e+07
3.59171e+07
3.45694e+07
3.26094e+07
3.26094e+07
3.26094e+07
3.24261e+07
2.80338e+07
2.80338e+07
3.47813e+07
3.16108e+07
3.16108e+07
3.16108e+07
3.96643e+07
3.87384e+07
3.85192e+07
3.7035e+07
3.3694e+07
3.7035e+07
3.45269e+07
3.2871e+07
3.2871e+07
3.2871e+07
3.49922e+07
3.34466e+07
3.33364e+07
3.34466e+07
3.69658e+07
3.45876e+07
3.45876e+07
3.14146e+07
3.27905e+07
3.41623e+07
3.3688e+07
3.27094e+07
3.22234e+07
3.49186e+07
3.23848e+07
3.23848e+07
3.06062e+07
3.06062e+07
3.11648e+07
3.11648e+07
3.11648e+07
3.11648e+07
3.11648e+07
2.93832e+07
3.04067e+07
3.04067e+07
2.78972e+07
2.81616e+07
3.04067e+07
3.02655e+07
3.02655e+07
2.94562e+07
2.94562e+07
2.96603e+07
3.02311e+07
2.98838e+07
2.96759e+07
2.96667e+07
2.96667e+07
2.96471e+07
2.96471e+07
2.96667e+07
3.67094e+07
3.63901e+07
2.93586e+07
2.93586e+07
3.55712e+07
3.55712e+07
3.27624e+07
3.36837e+07
3.08334e+07
2.90953e+07
2.90953e+07
2.93194e+07
2.93194e+07
2.8024e+07
2.96456e+07
2.93143e+07
2.93143e+07
2.93143e+07
2.8577e+07
2.8577e+07
2.78311e+07
2.70022e+07
2.70022e+07
2.93143e+07
2.93143e+07
2.93143e+07
2.90226e+07
2.90226e+07
2.8976e+07
3.49323e+07
2.79955e+07
2.71255e+07
2.69645e+07
2.69645e+07
2.69645e+07
3.06613e+07
3.06613e+07
2.816e+07
2.816e+07
3.35057e+07
3.341e+07
3.341e+07
3.05776e+07
3.05776e+07
3.05776e+07
3.32299e+07
2.75261e+07
2.75261e+07
3.3422e+07
3.36393e+07
3.36393e+07
3.31144e+07
3.36547e+07
3.32182e+07
3.24015e+07
3.24015e+07
3.24015e+07
3.24015e+07
3.24015e+07
3.0536e+07
3.24015e+07
3.54657e+07
3.45939e+07
3.54657e+07
3.67274e+07
3.70711e+07
3.70711e+07
3.64528e+07
3.61161e+07
3.54768e+07
3.43989e+07
3.7093e+07
3.80313e+07
3.81208e+07
3.7783e+07
3.7783e+07
3.60943e+07
3.60943e+07
3.60943e+07
3.60943e+07
3.54103e+07
3.54103e+07
3.38332e+07
3.13551e+07
1.72125e+07
1.65053