3.08138e+07
2.44794e+07
2.45389e+07
2.44794e+07
2.45389e+07
2.44794e+07
2.45389e+07
2.44794e+07
2.45389e+07
2.44794e+07
2.45389e+07
2.44794e+07
2.45389e+07
2.44794e+07
2.45389e+07
2.44794e+07
2.45389e+07
2.44794e+07
2.45389e+07
2.44794e+07
2.45389e+07
2.44794e+07
2.45389e+07
2.45389e+07
2.45389e+07
2.45389e+07
2.45389e+07
2.45389e+07
2.45389e+07
2.45389e+07
2.45389e+07
2.45389e+07
2.45389e+07
2.45389e+07
2.45389e+07
2.45389e+07
2.45389e+07
2.45389e+07
2.45389e+07
2.45389e+07
2.45389e+07
2.25204e+07
2.97894e+07
3.00582e+07
2.25204e+07
2.97894e+07
3.00582e+07
2.25204e+07
2.97894e+07
3.00582e+07
2.25204e+07
2.97894e+07
3.00582e+07
2.25204e+07
2.97894e+07
3.00582e+07
2.25204e+07
2.97894e+07
3.00582e+07
2.25204e+07
2.19281e+07
2.25204e+07
2.19281e+07
2.25204e+07
2.19281e+07
2.25204e+07
2.19281e+07
2.25204e+07
2.19281e+07
2.25204e+07
2.19281e+07
2.25204e+07
2.19281e+07
2.25204e+07
2.19281e+07
2.25204e+07
2.19281e+07
2.25204e+07
2.19281e+07
2.25204e+07
2.25204e+07
2.25204e+07
2.25204e+07
2.25204e+07
2.25204e+07
2.25204e+07
2.25204e+07
2.25204e+07
2.25204e+07
2.25204e+07
2.25204e+07
2.25204e+07
2.25204e+07
2.25204e+07
2.25204e+07
2.25204e+07
2.25204e+07
2.25204e+07
2.25204e+07
2.25204e+07
2.25204e+07
2.24946e+07
2.22657e+07
2.24946e+07
2.22657e+07
2.24946e+07
2.22657e+07
2.24946e+07
2.22657e+07
2.24946e+07
2.22657e+07
2.24946e+07
2.22657e+07
2.24946e+07
2.22657e+07
2.24946e+07
2.22657e+07
2.24946e+07
2.22657e+07
2.24946e+07
2.57332e+07
2.22389e+07
2.59554e+07
2.55754e+07
2.5354e+07
2.55754e+07
2.5354e+07
2.55754e+07
2.5354e+07
2.55754e+07
2.5354e+07
2.55754e+07
2.5354e+07
2.55754e+07
2.5354e+07
2.55754e+07
2.5354e+07
2.55754e+07
2.55754e+07
2.55754e+07
2.55754e+07
2.55754e+07
2.55754e+07
2.55754e+07
2.55754e+07
2.55754e+07
2.55754e+07
2.55754e+07
2.55754e+07
2.55754e+07
1.72125e+07
7.799