122610
122550
119330
119330
120540
120540
121100
122610
121130
122200
117950
117950
117950
117010
117010
117010
118150
121040
121040
121040
117330
115810
115810
115810
115810
115810
115810
115810
115810
115810
118000
116770
116770
116770
116770
116770
116770
116800
115760
113570
113570
113570
113570
112640
112640
112640
112640
115590
117060
115780
115780
115460
115780
115780
115780
115540
115540
115240
115240
114930
115780
113590
114270
114270
114270
115430
115430
115430
112940
113990
113550
113990
112260
112260
114200
114180
114180
114100
114100
113370
113910
111880
111880
111880
111880
111880
111280
111880
111880
111880
108920
108920
111510
111660
111660
111660
112990
112500
112500
112500
112500
111640
111640
111640
111640
111640
111340
111340
111340
111340
111340
110970
111340
109240
110990
111230
111340
111540
111540
111540
110920
110450
110310
110310
110450
110900
110900
110830
109010
107970
109500
110900
110340
110620
110620
110620
109520
110480
110850
109770
109770
109770
110850
110770
110770
110970
110800
109510
108870
108870
88900
2.13062