122610
119770
119770
119770
119770
119770
119770
119770
119740
119120
118820
119120
119120
119120
119790
119790
119790
119790
119790
116860
116860
116890
116890
115700
115700
115700
117400
119830
119830
115550
115550
115550
115550
115550
115550
115550
115550
115550
115290
115550
114440
114440
115550
115550
115550
115550
115550
115550
115550
115550
115550
115550
115550
115550
115120
115550
115550
114090
115550
115550
115550
115550
115550
115550
115550
115000
115000
115550
112560
112560
112560
112560
112560
112560
110010
112560
112560
112560
112560
112560
112560
112560
112560
112560
112560
112560
112560
114350
113860
114880
114880
114880
115430
115150
115150
115150
115150
115150
115150
115150
112820
115150
115150
115150
115150
115150
115150
114990
114990
114990
114990
114990
114990
114990
114990
114990
114990
114990
114880
114990
114990
114990
114990
114990
113720
113720
113720
112070
113720
114100
112820
112820
112820
112820
112820
112820
116490
113760
115590
116490
116490
116490
110700
116020
114800
114800
114800
113990
114180
116130
88900
0.394264