122610
120340
116060
116060
115460
112230
112230
111450
111450
109550
109550
109550
107170
107170
107170
107170
107170
107170
106810
106810
106810
106810
106110
106110
106110
106110
105890
105540
105540
105540
105540
105540
105540
105540
105360
105300
105300
105300
105300
103760
103760
103760
103760
103760
103760
103760
103760
103760
103760
103630
103310
103310
103310
103310
103310
103310
103310
103310
103310
103310
103310
103310
103310
103310
102820
102820
102820
102820
102820
102820
102820
102820
102820
102820
102820
102820
102820
102820
102500
102500
102500
102500
102500
102500
102020
102020
102020
102020
102020
101160
101160
101160
101160
101160
101160
101160
101160
101160
101160
101160
101160
101160
101160
101160
101160
101160
101160
101160
101160
101160
101160
101160
101160
101160
101160
101160
101160
101160
101160
101160
101160
101160
101160
101160
101160
101160
101160
101160
101160
101160
101160
101160
101160
101160
101160
101160
101160
101160
101160
101160
101160
101160
101160
101160
101160
101160
101160
101160
101160
101160
88900
9.32792