122610
119190
118000
115590
112780
113400
113580
113440
112420
111450
112030
112220
112620
112200
112030
113060
111200
110890
111380
109030
110230
104280
105580
110760
112330
109100
110300
113320
109330
111750
110070
112540
112360
110980
113160
109320
110850
112010
109030
112370
113020
110950
110730
111870
112470
110440
111670
109460
111640
111360
113690
111610
110720
113710
110820
110690
110890
112000
113570
113050
111540
111720
109950
113050
112450
112850
112100
113080
111260
112170
110170
110120
110720
108170
109980
111410
111310
112260
110090
109870
110840
110900
109380
110340
107720
110480
111050
111680
111570
112590
112220
112180
112890
111850
109740
111450
111700
112400
109800
111410
111410
103520
109780
112270
110860
107900
109350
109390
109780
111700
109050
111350
111880
112120
112950
112790
109600
111520
109670
109260
109790
107770
110670
111100
111150
110860
110720
109720
111830
110270
110470
109430
111730
110150
112880
113170
111340
111780
110230
111280
113140
110520
105550
109870
110360
112070
112220
111200
112420
111150
88900
15.3359