122610
120600
117960
117960
116100
112960
112960
110110
108500
108500
108500
107460
107460
106340
105350
105350
105350
105350
105350
105350
105350
105350
104560
104560
103610
103610
103610
103610
103610
103210
103210
103210
103210
103210
103210
103180
102480
102100
101600
101600
101600
101060
100510
100510
100110
100110
100110
100110
100110
100110
100110
100110
100110
98840
98840
98840
98840
98840
98840
98840
98840
98840
98840
98840
98840
98840
98600
98600
98600
98600
98600
98600
98600
98600
98600
96700
96700
96700
96700
96700
96700
96700
96700
96700
96700
96700
96700
96700
96700
96700
96700
96700
96700
96700
96700
96700
96700
96700
96700
96700
96700
96700
96700
96700
96700
96700
96700
96700
96700
96700
96700
96700
96700
96700
96700
96700
96700
96700
96700
96700
96700
96700
96700
96700
96700
96700
96200
96200
96200
96200
96200
96200
96200
96200
96200
96200
96200
96200
94320
94320
94320
94320
94320
94320
94320
94320
94320
94320
94320
94320
88900
2.03795