122610
121760
121960
121760
121340
115270
115970
115270
115970
115270
115970
115270
115970
116920
115970
117220
116740
117020
116740
116720
115970
116920
115480
115860
114780
114180
114780
114180
114780
114180
114780
114080
115000
114080
115000
114080
115000
114080
115000
114080
113980
113530
113830
113530
113830
113530
113830
113530
113830
113530
113270
112820
113000
112820
113000
112820
113000
112820
112040
109440
108890
109640
107890
109940
107890
109440
107890
109640
107890
107290
106690
107290
106640
107290
106690
107290
106690
106640
105440
106290
105440
106290
105440
106290
105440
106290
105440
104190
104190
104190
104190
104190
104190
104190
104190
104190
104190
103590
104590
104590
103590
104590
104590
103590
104590
104590
105990
107490
104590
105990
107490
104590
105990
107490
103690
105090
103690
105090
103690
105090
103690
105090
103690
105090
104190
105090
104190
105090
104190
105090
104190
105090
104190
105890
103790
104190
105890
103790
104190
105890
103790
104190
105890
106030
105890
106030
105890
106030
105890
106030
88900
16.4448