173409
173358
173342
173320
173239
173203
173203
173203
173203
173203
173203
173101
173101
173101
173058
173058
173058
173058
173058
173058
173058
173058
173058
173058
173058
173058
173058
173058
173058
173058
173058
173058
173058
173058
173058
173058
173058
173058
173058
173058
173044
172974
172974
172974
172974
172974
172974
172974
172974
172974
172974
172974
172974
172974
172974
172974
172974
172974
172974
172974
172869
172869
172869
172869
172869
172869
172869
172869
172869
172869
172869
172869
172869
172869
172869
172869
172869
172869
172869
172869
172869
172869
172869
172869
172869
172869
172869
172869
172869
172869
172869
172869
172869
172869
172869
172869
172869
172869
172869
172869
172857
172857
172857
172857
172857
172857
172857
172857
172857
172857
172857
172847
172847
172847
172839
172839
172839
172813
172813
172813
172813
172813
172813
172813
172813
172813
172813
172813
172813
172813
172772
172772
172772
172772
172772
172772
172772
172772
172772
172772
172772
172772
172772
172772
172772
172772
172772
172772
172772
172772
169755
84.4398