109824
109755
109690
109602
109516
109407
109407
109336
109336
109336
109336
109331
109316
109316
109284
109284
109262
109262
109249
109249
109249
109249
109249
109249
109226
109226
109203
109203
109203
109196
109196
109196
109196
109196
109196
109156
109156
109156
109144
109144
109144
109144
109125
109125
109125
109125
109125
109125
109125
109125
109125
109125
109125
109125
109125
109125
109124
109124
109102
109102
109054
109054
109054
109054
109054
109054
109054
109054
109054
109054
109054
109054
109054
109054
109054
109054
109054
109054
109054
109054
109051
109051
109051
109051
109051
109051
109051
109051
109051
109051
109043
109043
109043
109043
109043
109043
109043
109043
109043
109043
109043
109021
109021
109021
109021
109021
109021
109021
109021
109021
109021
109021
109021
109021
109021
109021
109021
109021
109017
109017
109017
109017
109017
109017
109017
109017
109017
109015
109015
109015
109015
109015
109015
109015
109015
109015
109015
109015
109015
109015
109015
109015
109015
109015
109015
109015
109015
109015
108978
108978
107218
31.0261