366892
366209
366069
366041
366002
365955
365955
365944
365878
365778
365703
365682
365682
365582
365582
365582
365582
365558
365558
365558
365495
365495
365495
365495
365495
365379
365379
365379
365379
365379
365379
365379
365379
365379
365379
365379
365337
365337
365337
365337
365337
365337
365337
365337
365337
365337
365337
365337
365337
365330
365330
365330
365330
365330
365330
365330
365330
365330
365330
365330
365330
365330
365313
365313
365313
365313
365313
365313
365313
365313
365313
365313
365313
365313
365313
365313
365313
365313
365313
365313
365313
365278
365278
365261
365261
365261
365261
365261
365261
365261
365261
365261
365261
365261
365261
365261
365261
365261
365261
365261
365261
365261
365257
365257
365217
365217
365217
365217
365195
365195
365195
365185
365185
365185
365185
365185
365185
365185
365185
365185
365185
365185
365185
365185
365185
365185
365185
365185
365185
365185
365185
365184
365184
365184
365184
365184
365184
365184
365184
365178
365178
365178
365178
365178
365178
365178
365178
365178
365178
365178
360630
8.10237