32574
32475
32453
32388
32381
32381
32364
32364
32324
32324
32324
32324
32324
32324
32324
32324
32324
32317
32316
32310
32310
32300
32288
32288
32288
32288
32288
32288
32267
32267
32267
32267
32267
32267
32267
32267
32267
32267
32267
32267
32267
32267
32267
32267
32267
32267
32229
32229
32229
32229
32229
32229
32229
32229
32229
32229
32229
32229
32229
32229
32229
32229
32229
32229
32229
32229
32229
32229
32229
32229
32229
32229
32229
32218
32218
32218
32218
32218
32218
32218
32218
32218
32218
32218
32218
32218
32218
32218
32218
32218
32218
32218
32218
32218
32218
32218
32218
32218
32218
32218
32218
32218
32218
32218
32218
32218
32216
32216
32216
32216
32216
32216
32216
32216
32216
32216
32216
32216
32216
32216
32216
32213
32213
32213
32213
32213
32213
32207
32207
32207
32207
32207
32207
32207
32207
32207
32207
32207
32207
32207
32207
32207
32207
32207
32179
32179
32179
32179
32179
32179
31538
14.5278