173409
173368
173373
173253
173250
173076
173076
173011
172971
172948
172936
172948
172909
172894
172901
172860
172823
172785
172785
172737
172742
172722
172665
172665
172665
172644
172592
172601
172591
172591
172591
172564
172539
172617
172539
172525
172526
172514
172515
172479
172477
172448
172474
172461
172474
172455
172463
172437
172444
172444
172444
172430
172430
172427
172430
172410
172410
172426
172390
172330
172363
172349
172363
172348
172348
172361
172348
172355
172348
172351
172348
172344
172344
172351
172344
172324
172346
172355
172359
172355
172395
172355
172301
172284
172285
172284
172333
172284
172331
172261
172334
172333
172333
172333
172298
172299
172285
172299
172292
172299
172299
172299
172221
172304
172315
172304
172274
172304
172304
172304
172263
172304
172336
172329
172326
172333
172336
172360
172323
172323
172323
172323
172323
172323
172323
172322
172323
172323
172314
172331
172314
172308
172263
172274
172288
172290
172288
172271
172288
172343
172352
172352
172325
172317
172317
172317
172317
172317
172338
172317
169755
77.7909