63775
63697
63667
63591
63586
63569
63518
63484
63484
63484
63452
63452
63452
63452
63452
63452
63452
63428
63428
63404
63404
63404
63404
63404
63396
63396
63396
63396
63396
63377
63377
63377
63299
63299
63299
63299
63299
63299
63299
63299
63299
63299
63299
63299
63299
63299
63299
63299
63299
63299
63299
63299
63299
63299
63299
63299
63299
63299
63299
63299
63299
63299
63299
63299
63299
63299
63299
63299
63299
63299
63299
63299
63299
63299
63299
63299
63299
63299
63299
63299
63299
63299
63280
63280
63280
63280
63280
63280
63280
63279
63279
63279
63279
63279
63279
63279
63279
63279
63279
63279
63279
63279
63279
63279
63279
63279
63279
63279
63279
63279
63279
63279
63279
63279
63279
63279
63279
63279
63279
63279
63260
63260
63260
63260
63260
63260
63260
63260
63260
63260
63260
63260
63260
63260
63260
63260
63260
63260
63260
63260
63260
63259
63259
63255
63243
63243
63243
63243
63243
63243
62093
22.2712