32574
32499
32466
32421
32391
32361
32307
32343
32359
32346
32362
32342
32367
32356
32366
32349
32332
32362
32372
32351
32348
32375
32329
32364
32346
32362
32370
32375
32371
32386
32374
32287
32365
32274
32293
32332
32383
32372
32315
32311
32366
32351
32353
32341
32352
32349
32325
32362
32333
32345
32317
32322
32357
32352
32347
32340
32354
32348
32355
32357
32333
32354
32343
32372
32356
32355
32367
32351
32354
32298
32326
32337
32343
32353
32335
32350
32346
32375
32366
32362
32374
32391
32367
32348
32353
32377
32368
32364
32375
32379
32388
32367
32343
32351
32377
32358
32367
32341
32348
32378
32344
32363
32365
32338
32342
32367
32393
32370
32336
32359
32341
32320
32344
32369
32353
32353
32351
32364
32333
32355
32346
32323
32344
32340
32325
32303
32375
32333
32342
32362
32320
32346
32359
32359
32339
32367
32349
32338
32346
32318
32330
32365
32380
32375
32344
32379
32342
32379
32360
32346
31538
26.1053