109824
109755
109554
109540
109482
109399
109389
109389
109382
109293
109231
109185
109185
109136
109123
109123
109106
109106
109106
109106
109106
109106
109106
109096
109096
109096
109096
109096
109075
109075
109066
109066
109066
109065
109065
109065
109065
109060
109059
109059
109059
109028
109028
109028
109028
109009
109009
108997
108997
108997
108997
108960
108921
108921
108921
108921
108921
108921
108921
108921
108921
108921
108921
108921
108921
108921
108921
108921
108920
108920
108903
108903
108903
108903
108875
108875
108875
108875
108875
108875
108875
108826
108826
108805
108805
108805
108805
108805
108805
108805
108805
108805
108805
108805
108800
108800
108800
108800
108800
108800
108800
108800
108800
108800
108800
108800
108800
108800
108800
108800
108800
108800
108800
108800
108800
108793
108793
108793
108793
108793
108762
108762
108762
108762
108762
108762
108762
108762
108762
108762
108731
108731
108731
108731
108731
108731
108731
108731
108731
108731
108731
108724
108724
108724
108713
108713
108713
108713
108713
108713
107218
5.22663