366892
366831
366735
366672
366449
366298
366291
366142
366098
366052
366052
365972
365972
365920
365902
365839
365809
365751
365684
365684
365682
365596
365596
365567
365518
365485
365485
365464
365464
365453
365365
365365
365365
365365
365296
365248
365205
365205
365205
365118
365118
365118
365118
365118
365118
365118
365118
365118
365118
365118
365118
365118
365118
365118
365118
365117
365117
365098
365098
365098
365098
365098
365066
365066
365066
365066
365019
364997
364955
364955
364955
364925
364925
364925
364925
364925
364891
364864
364864
364826
364826
364826
364826
364822
364820
364820
364802
364793
364775
364775
364775
364775
364754
364754
364754
364754
364754
364754
364754
364754
364754
364694
364694
364694
364694
364694
364653
364653
364653
364653
364653
364653
364653
364653
364653
364653
364653
364653
364653
364653
364653
364653
364649
364617
364617
364617
364617
364617
364617
364617
364617
364617
364617
364617
364617
364617
364617
364617
364617
364617
364617
364545
364545
364545
364545
364545
364545
364545
364545
364545
360630
12.3929