173409
173274
173183
173050
172986
172921
172866
172841
172748
172748
172748
172724
172693
172693
172668
172629
172629
172567
172567
172567
172526
172526
172526
172470
172470
172470
172470
172470
172470
172470
172470
172470
172470
172470
172470
172470
172470
172470
172470
172470
172470
172437
172437
172426
172426
172426
172426
172425
172425
172424
172424
172424
172424
172382
172382
172382
172382
172366
172366
172366
172366
172366
172322
172322
172322
172322
172322
172322
172322
172322
172322
172322
172322
172322
172315
172287
172287
172287
172287
172287
172287
172287
172287
172287
172287
172287
172287
172287
172287
172287
172287
172287
172287
172287
172287
172287
172287
172287
172287
172287
172287
172272
172272
172272
172272
172272
172272
172272
172272
172272
172272
172272
172268
172268
172268
172268
172268
172263
172222
172222
172222
172222
172222
172222
172222
172222
172222
172219
172219
172219
172219
172219
172219
172219
172219
172219
172219
172219
172219
172219
172219
172182
172182
172182
172182
172182
172182
172182
172182
172182
169755
40.7252