32574
32547
32515
32467
32445
32413
32408
32368
32357
32344
32326
32326
32311
32297
32288
32272
32258
32258
32258
32254
32254
32254
32231
32231
32231
32231
32231
32210
32202
32202
32171
32171
32171
32155
32155
32155
32155
32155
32155
32155
32155
32155
32155
32155
32155
32155
32154
32153
32153
32153
32145
32145
32145
32145
32132
32132
32132
32132
32132
32125
32125
32125
32125
32125
32125
32125
32125
32125
32125
32125
32125
32125
32125
32125
32125
32125
32125
32125
32125
32125
32125
32125
32125
32107
32107
32107
32107
32107
32107
32107
32107
32107
32107
32107
32107
32107
32107
32107
32107
32107
32107
32107
32107
32107
32107
32107
32107
32107
32107
32107
32107
32107
32107
32107
32107
32107
32107
32107
32107
32107
32107
32107
32107
32107
32107
32107
32107
32106
32106
32106
32106
32106
32106
32106
32106
32094
32094
32083
32083
32083
32083
32083
32083
32083
32083
32083
32083
32083
32083
32083
31538
2.78357