366892
366977
366871
366860
366837
366830
366769
366799
366799
366737
366631
366675
366700
366753
366626
366599
366599
366271
366271
366525
366376
366454
366339
366411
366302
366302
366299
366299
366210
366210
366210
366210
366210
366210
366186
366186
366186
366186
366504
366422
366422
366417
366443
366443
366445
366442
366391
366412
366265
366265
366265
366290
366290
366290
366280
366137
366137
366137
366137
366137
366137
366137
366137
366137
366137
366137
366137
366137
366137
366137
366137
366143
366143
366143
366143
366196
366134
366196
366196
366196
366196
366196
366196
366196
366144
366144
366113
366196
366196
366192
366164
366164
366192
366192
366192
366192
366192
366192
366178
366192
366192
366168
366041
366192
366192
366192
366043
366090
366090
366090
366090
366090
366171
366095
366095
366095
366095
366076
366138
366138
366120
366098
365911
365911
365911
365911
365911
365911
365911
366119
366164
365903
365903
365903
365903
365903
365903
365835
365903
365903
365865
365865
365865
365865
365865
365865
365890
365890
365890
365890
360630
2.32451