109824
109824
109702
109688
109688
109679
109679
109679
109679
109679
109679
109679
109679
109674
109674
109674
109661
109626
109598
109598
109598
109598
109598
109598
109598
109598
109598
109598
109598
109598
109598
109598
109593
109580
109580
109580
109580
109580
109580
109580
109580
109580
109580
109580
109580
109580
109580
109580
109580
109580
109580
109580
109580
109580
109580
109580
109580
109580
109580
109580
109580
109580
109580
109580
109580
109575
109575
109575
109575
109575
109575
109575
109575
109575
109575
109575
109575
109575
109575
109575
109575
109575
109575
109575
109575
109575
109575
109575
109575
109575
109575
109575
109575
109575
109562
109562
109562
109562
109562
109562
109562
109562
109562
109562
109562
109562
109562
109562
109562
109562
109562
109562
109562
109562
109562
109562
109562
109473
109473
109473
109473
109473
109473
109473
109473
109473
109473
109473
109473
109473
109473
109473
109473
109473
109473
109473
109473
109473
109473
109473
109473
109473
109473
109473
109473
109473
109473
109473
109473
109473
107218
62.4233