173409
173409
173424
173450
173335
173418
173385
173418
173407
173380
173356
173351
173351
173274
173278
173278
173199
173199
173244
173206
173185
173128
173128
173071
173071
173071
173082
173152
173109
173109
173109
173087
173116
173116
173111
173095
173050
173070
173031
173027
173021
173021
172973
172956
172973
173006
172954
172987
172936
172925
172848
172936
172923
172923
172908
172908
172908
172908
172908
172908
172908
172860
172860
172881
172859
172838
172794
172847
172851
172851
172832
172832
172908
172908
172924
172874
172821
172825
172914
172914
172910
172910
172889
172847
172847
172847
172847
172847
172847
172847
172792
172792
172792
172792
172792
172792
172816
172790
172790
172790
172790
172774
172774
172774
172756
172756
172756
172756
172660
172660
172660
172660
172660
172660
172660
172660
172660
172706
172706
172706
172686
172686
172686
172677
172677
172677
172677
172663
172663
172638
172677
172677
172677
172673
172661
172673
172643
172566
172566
172566
172638
172638
172638
172638
172638
172670
172670
172670
172670
172670
169755
6.51945