32574
32511
32517
32519
32453
32466
32453
32466
32453
32466
32434
32405
32397
32405
32416
32365
32365
32365
32365
32365
32405
32365
32405
32365
32405
32365
32365
32365
32365
32365
32365
32365
32346
32322
32330
32321
32343
32312
32322
32312
32322
32312
32322
32317
32314
32300
32314
32300
32308
32319
32301
32319
32308
32301
32263
32256
32256
32256
32256
32256
32238
32238
32238
32238
32238
32238
32238
32238
32238
32238
32238
32238
32243
32220
32245
32220
32245
32245
32245
32245
32245
32245
32245
32273
32245
32273
32245
32273
32249
32249
32249
32249
32249
32249
32250
32249
32250
32249
32250
32255
32250
32255
32250
32255
32221
32206
32221
32206
32221
32206
32250
32206
32253
32206
32253
32216
32246
32216
32208
32216
32208
32232
32208
32228
32208
32227
32227
32218
32218
32218
32218
32218
32224
32218
32224
32218
32224
32224
32213
32213
32213
32213
32213
32213
32213
32213
32213
32213
32243
32213
31538
27.262