366892
366991
366993
366928
366928
366875
366998
366823
366869
366731
366731
366721
366721
366721
366721
366661
366606
366606
366720
366720
366699
366699
366751
366796
366749
366774
366754
366603
366641
366641
366579
366553
366498
366498
366436
366436
366523
366431
366431
366316
366316
366294
366294
366316
366327
366214
366214
366214
366214
366214
366162
366238
366292
366317
366260
366269
366202
366146
366039
366039
366039
366039
366039
366209
366152
366105
366144
366152
366152
366152
366152
366167
366037
366167
366167
366167
366167
366134
366134
366134
366133
366128
366100
366100
366100
366100
366100
366012
366071
366052
366008
366052
366052
366052
366052
366052
366027
366027
366027
366027
365985
365985
365985
365985
365985
365982
365982
365982
365979
365912
365912
365959
365941
365959
365961
365895
365866
365866
365866
365865
365866
365866
365786
365813
365813
365813
365813
365895
365914
365879
365891
365797
365797
365828
365828
365768
365828
365828
365828
365847
365847
365847
365835
365810
365810
365810
365727
365779
365779
365810
360630
11.0811