3070
2964
2964
2964
2964
2960
2960
3070
3070
2966
2966
2988
2988
2964
2964
2978
2978
2978
2978
2978
2910
2910
2910
2910
2910
2910
2910
2910
2910
2840
2840
2840
2910
2910
2910
2910
2910
3066
3022
3022
3004
3004
3004
3004
2916
2916
2916
2916
2916
2916
2916
2936
2936
2936
2920
2888
2920
2968
2968
2936
2922
2936
2864
2864
2896
2896
2896
2896
2932
2932
2932
2932
2932
2932
2932
2932
2932
2932
2876
2872
2872
2872
2876
2876
2876
2876
2876
2876
2876
2876
2876
2876
2876
2876
2924
2924
2924
2924
2924
2924
2924
2924
2924
2916
2924
2924
2924
2904
2904
2904
2904
2904
2870
2924
2924
2924
2924
2924
2924
2924
2924
2924
2924
2924
2924
2896
2896
2896
2896
2896
2896
2896
2896
2896
2974
2974
2974
2926
2974
2974
2974
2950
2934
2894
2894
2856
2926
2926
2926
2926
2438
0.634374