6594
6444
6194
6194
6194
6112
6102
6054
6018
5992
5992
5974
5974
5974
5974
5974
5930
5930
5930
5930
5930
5808
5808
5808
5808
5808
5802
5796
5796
5796
5796
5796
5796
5796
5796
5724
5724
5724
5724
5724
5724
5724
5724
5724
5724
5724
5724
5722
5722
5722
5722
5722
5710
5710
5710
5710
5710
5710
5710
5710
5674
5674
5606
5606
5606
5606
5606
5606
5606
5606
5606
5606
5606
5606
5606
5606
5606
5606
5606
5606
5606
5606
5606
5606
5606
5606
5606
5606
5606
5606
5606
5606
5606
5606
5606
5606
5606
5606
5606
5606
5606
5606
5606
5606
5606
5606
5606
5606
5606
5606
5606
5606
5606
5606
5606
5606
5606
5606
5606
5606
5606
5606
5606
5606
5606
5606
5606
5606
5606
5606
5606
5606
5606
5606
5606
5606
5606
5606
5606
5606
5606
5606
5606
5606
5606
5606
5606
5606
5606
5606
5234
7.94557