6594
6490
6528
6490
6522
6490
6496
6490
6496
6490
6364
6298
6222
6292
6222
6292
6222
6292
6222
6292
6222
6292
6264
6252
6264
6252
6264
6252
6264
6252
6264
6252
6082
6076
6082
6076
6082
6076
6082
6076
6082
6076
6066
6076
6066
6076
6066
6076
6066
6076
6066
6076
6066
6072
6038
6068
6038
6068
6038
6068
6038
6068
6038
6068
6038
6008
6036
6008
6036
6008
6036
6008
6036
6008
6036
6008
6050
6008
6050
6008
6050
6008
6050
6008
6050
6008
6050
6100
6104
6050
6100
6106
6050
6100
6104
6050
6100
6024
6060
5988
6048
5988
6048
5988
6048
5988
6048
5988
6018
5976
5976
5976
5976
5976
5976
5976
5976
5976
5976
5976
5872
5846
5806
5830
5806
5830
5806
5830
5806
5830
5806
5806
5806
5806
5806
5806
5806
5806
5806
5806
5806
5806
5942
5788
5860
5900
5872
5756
5954
5788
5234
13.8224