6548
6356
6338
6336
6338
6336
6156
6222
6182
6222
6182
6222
6182
6222
6182
6170
6198
6114
6150
6114
6150
6114
6150
6114
6150
6114
6150
6070
6070
6070
6070
6070
6070
6070
6070
6070
6070
6070
5944
6046
5944
6046
5944
6046
5944
6046
5944
6000
6000
6000
5996
6000
5996
6000
5996
6000
5996
6000
5996
5928
5996
5928
5996
5928
5996
5928
5996
5928
5996
5968
5708
5724
5672
5724
5672
5724
5672
5724
5672
5724
5896
5724
5896
5724
5896
5724
5896
5724
5896
5724
5860
5724
5860
5724
5860
5724
5860
5724
5860
5724
5860
5908
5860
5908
5860
5908
5860
5908
5860
5908
5860
5944
5860
5944
5860
5944
5860
5944
5860
5944
5860
5910
5860
5910
5860
5910
5860
5910
5860
5910
5860
5888
5860
5888
5860
5888
5860
5888
5860
5888
5860
5888
5914
5888
5914
5888
5914
5888
5914
5888
5166
14.4666