6548
6210
6140
6134
6046
6014
6014
6014
5910
5910
5910
5910
5896
5896
5896
5896
5840
5840
5810
5810
5810
5810
5810
5810
5806
5782
5782
5782
5782
5782
5746
5746
5746
5746
5746
5746
5746
5746
5746
5746
5746
5746
5746
5746
5746
5746
5746
5746
5746
5706
5706
5706
5706
5706
5696
5696
5696
5696
5696
5696
5696
5696
5696
5696
5696
5696
5696
5696
5696
5696
5696
5696
5696
5696
5696
5696
5696
5696
5696
5696
5696
5696
5696
5696
5696
5696
5696
5696
5696
5696
5696
5696
5696
5696
5696
5696
5696
5696
5696
5696
5696
5696
5696
5696
5696
5696
5696
5696
5696
5696
5696
5688
5688
5688
5688
5688
5688
5688
5688
5688
5688
5688
5688
5688
5688
5688
5688
5688
5688
5688
5688
5688
5688
5672
5672
5672
5672
5672
5672
5672
5672
5672
5672
5672
5672
5672
5672
5672
5672
5672
5166
8.33436