6548
6636
6532
6470
6528
6478
6484
6384
6368
6374
6374
6374
6374
6352
6352
6258
6354
6354
6222
6222
6222
6232
6298
6298
6298
6250
6250
6238
6226
6238
6284
6204
6204
6204
6204
6184
6184
6146
6142
6108
6108
6108
6108
6108
6144
6144
6144
6130
6130
6130
6142
6142
6134
6134
6134
6032
6066
6134
6118
6066
6066
6118
6134
6090
6122
6022
6022
6022
6060
6060
6060
6026
6060
6120
6120
6066
6082
6120
6110
6110
6078
6078
6078
6050
6050
6050
6050
6008
6050
6050
6050
6050
6050
6050
6050
6050
6042
6002
6002
6002
6002
6042
6042
5974
6042
6042
6038
6028
6028
6028
6054
6068
6082
6084
6084
6084
6084
6026
6084
5978
6084
6076
6076
6076
6034
6034
5998
5998
5998
5998
5968
6048
6048
6004
6004
6048
6050
5960
5960
5960
5960
5960
5960
6052
6052
6052
5976
6052
6052
6076
5166
2.04453