6548
6202
6024
6024
5992
5992
5938
5838
5838
5838
5822
5778
5778
5778
5778
5778
5778
5778
5778
5778
5778
5778
5778
5778
5778
5778
5778
5768
5762
5762
5762
5762
5762
5762
5762
5762
5762
5762
5762
5762
5762
5762
5758
5758
5758
5758
5758
5758
5758
5758
5758
5758
5758
5758
5758
5758
5758
5758
5758
5758
5758
5758
5758
5742
5742
5742
5742
5742
5742
5742
5732
5732
5732
5682
5682
5632
5632
5632
5632
5632
5632
5632
5632
5632
5632
5632
5632
5600
5600
5600
5600
5600
5600
5600
5600
5600
5600
5600
5600
5600
5600
5600
5600
5600
5600
5600
5600
5600
5600
5600
5600
5600
5600
5600
5600
5600
5600
5600
5600
5600
5600
5600
5600
5600
5600
5600
5600
5600
5600
5600
5600
5600
5600
5600
5600
5600
5600
5600
5600
5600
5600
5600
5600
5600
5600
5600
5600
5600
5600
5600
5166
0.932835