4384
4276
4136
4110
4098
4098
4078
3996
3974
3974
3974
3974
3974
3974
3974
3974
3964
3964
3892
3892
3892
3892
3892
3892
3886
3886
3886
3886
3886
3886
3886
3886
3886
3886
3886
3886
3886
3886
3886
3886
3886
3886
3886
3886
3886
3804
3804
3804
3804
3804
3804
3804
3804
3804
3804
3804
3804
3804
3804
3804
3804
3804
3804
3804
3804
3804
3804
3804
3804
3804
3804
3804
3804
3804
3804
3804
3794
3794
3794
3794
3794
3794
3794
3794
3794
3794
3794
3794
3794
3794
3794
3794
3794
3794
3794
3794
3794
3794
3794
3794
3794
3794
3794
3794
3794
3794
3794
3794
3794
3794
3794
3794
3794
3794
3794
3794
3794
3794
3794
3794
3794
3794
3794
3794
3794
3794
3794
3794
3794
3794
3774
3774
3774
3774
3774
3774
3774
3774
3774
3774
3774
3774
3774
3774
3774
3774
3774
3774
3774
3774
3488
6.64619