6594
6514
6562
6526
6254
6416
6304
6304
6392
6244
6304
6304
6220
6300
6300
6276
6320
6320
6320
6304
6296
6296
6244
6240
6254
6218
6332
6308
6308
6224
6224
6224
6190
6186
6186
6186
6186
6078
6224
6260
6258
6226
6234
6234
6234
6156
6142
6142
6142
6082
6082
6194
6224
6224
6224
6216
6224
6138
6046
6046
6046
6046
6046
6248
6268
6268
6264
6264
6238
6086
6238
6238
6254
6254
6254
6254
6250
6254
6254
6254
6208
6194
6194
6194
6188
6188
6208
6114
6114
6114
6114
6114
6106
6106
6114
6114
6114
6114
6114
6150
6100
6150
6150
6118
6118
6118
6118
6118
6118
6118
6118
6118
6100
6152
6148
6088
6088
6088
6088
6088
6088
6088
6088
5990
5990
5990
6088
6088
6088
6088
6088
6088
6088
6088
6088
6088
6088
6088
6088
6082
6088
6092
6092
6072
6118
6118
6038
6038
6038
6038
5234
1.94719