4384
4284
4284
4284
4284
4284
4284
4284
4264
4264
4284
4284
4258
4258
4284
4284
4284
4284
4238
4238
4262
4242
4236
4236
4158
4158
4158
4158
4234
4234
4246
4246
4198
4198
4242
4242
4242
4242
4214
4214
4214
4214
4166
4214
4232
4232
4134
4134
4134
4134
4104
4104
4104
4098
4098
4098
4098
4098
4098
4098
4098
4158
4158
4158
4138
4138
4204
4162
4204
4174
4140
4174
4170
4174
4194
4180
4180
4180
4180
4180
4166
4152
4152
4106
4106
4106
4106
4194
4188
4062
4062
4062
4062
4040
4194
4194
4194
4194
4194
4048
4194
4142
4142
4142
4142
4142
4138
4138
4138
4138
4138
4138
4246
4172
4090
4090
4116
4116
4116
4116
4176
4176
4050
4050
4130
4130
4130
4130
4190
4158
4158
4158
4158
4158
4158
4070
4220
4220
4220
4216
4136
4136
4134
4216
4206
4206
4206
4206
4206
4206
3488
0.336363