4384
4286
4340
4362
4342
4344
4400
4392
4364
4324
4344
4282
4374
4340
4330
4258
4296
4282
4226
4270
4288
4256
4292
4246
4112
4156
4156
4174
4174
4168
4230
4214
4214
4054
4054
4054
4054
4054
4054
4054
4156
4156
4156
4132
4132
4056
4056
4056
4056
4056
4056
4056
4110
4110
4110
4110
4168
4100
4100
4140
4112
4112
4112
4134
4044
4038
4044
4044
4044
4044
4044
4044
4044
4044
4132
4108
4068
4068
4068
4118
4002
4002
4002
4002
4002
4064
4056
4064
4064
4064
4064
4064
4064
4064
4064
4064
4064
4064
4048
4064
4060
4058
4058
4058
4058
4058
4058
4054
4054
4038
4034
4034
4034
4034
4010
4010
3990
3990
3990
3990
3990
4040
4048
4048
4048
3986
3986
3986
3968
3968
3986
3986
3986
4018
3976
3976
3976
3976
3976
3926
3926
3926
3926
3926
3926
3926
4028
4028
4028
4028
3488
1.74309