6548
6230
6228
6102
5972
5972
5882
5882
5882
5882
5870
5862
5862
5862
5818
5818
5818
5808
5808
5790
5790
5764
5740
5694
5694
5694
5694
5694
5694
5686
5686
5686
5686
5686
5686
5686
5686
5664
5664
5616
5616
5616
5616
5616
5616
5616
5552
5552
5552
5552
5552
5552
5552
5552
5552
5552
5552
5552
5552
5552
5552
5552
5552
5552
5552
5552
5552
5552
5552
5552
5552
5552
5552
5552
5552
5552
5552
5552
5538
5538
5538
5478
5478
5478
5478
5478
5478
5478
5478
5478
5478
5478
5478
5478
5478
5478
5478
5478
5468
5468
5468
5468
5468
5468
5468
5468
5468
5468
5466
5466
5466
5466
5466
5458
5458
5458
5458
5458
5458
5458
5458
5458
5458
5458
5458
5458
5406
5406
5406
5406
5406
5406
5406
5406
5406
5406
5406
5406
5406
5406
5406
5406
5406
5406
5406
5406
5406
5406
5406
5406
5166
1.73641