4384
4296
4316
4296
4316
4296
4316
4296
4316
4296
4222
4212
4130
4212
4130
4212
4130
4212
4130
4212
4130
4212
4130
4212
4170
4172
4170
4172
4170
4172
4170
4172
4170
4172
4170
4172
4170
4172
4106
4128
4090
4106
4128
4132
4106
4128
4144
4106
4128
4132
4106
4106
4106
4106
4106
4106
4106
4106
4106
4106
4106
4106
4106
4106
4040
4044
4008
4044
4008
4044
4008
4044
4008
4044
4008
4044
4008
4044
4008
4028
4012
4024
4012
4024
4012
4024
4012
4024
4012
4024
4012
4024
3960
3950
3984
3950
3984
3950
3984
3950
3984
3950
3984
3950
3984
3950
3868
3884
3868
3884
3868
3884
3868
3884
3868
3884
3868
3884
3868
3876
3868
3876
3868
3876
3868
3876
3868
3876
3868
3876
3868
3876
3868
3876
3946
3942
3946
3942
3946
3942
3946
3942
3946
3942
3946
3942
3946
3942
3876
3942
3488
10.9634