3070
2920
2920
2886
2854
2798
2798
2788
2788
2752
2752
2752
2656
2656
2656
2656
2648
2648
2644
2644
2644
2644
2624
2624
2616
2602
2584
2584
2584
2584
2584
2584
2584
2576
2564
2564
2564
2558
2558
2552
2552
2552
2552
2540
2540
2540
2540
2540
2540
2540
2540
2540
2540
2540
2540
2540
2540
2540
2540
2540
2540
2540
2540
2540
2540
2540
2540
2540
2540
2540
2540
2540
2540
2532
2532
2528
2528
2528
2528
2528
2528
2528
2528
2528
2528
2526
2526
2526
2510
2510
2510
2510
2510
2510
2510
2510
2510
2510
2510
2510
2510
2508
2508
2500
2500
2500
2500
2500
2500
2500
2500
2500
2500
2500
2500
2500
2500
2500
2500
2500
2500
2494
2494
2494
2494
2494
2494
2494
2494
2494
2494
2494
2494
2494
2494
2494
2494
2494
2494
2494
2494
2494
2490
2490
2490
2490
2490
2490
2490
2490
2438
1.39991