4384
4142
4056
4056
4022
4022
4016
3974
3934
3934
3934
3934
3934
3892
3892
3892
3892
3892
3850
3850
3850
3850
3850
3850
3850
3850
3850
3850
3850
3850
3850
3850
3850
3850
3850
3850
3850
3850
3746
3746
3746
3746
3746
3746
3746
3746
3746
3746
3746
3746
3746
3746
3746
3746
3746
3746
3746
3746
3746
3746
3746
3746
3746
3746
3746
3746
3746
3746
3746
3746
3746
3746
3746
3746
3746
3746
3746
3746
3746
3746
3746
3746
3746
3746
3746
3746
3746
3746
3746
3746
3746
3746
3746
3746
3746
3746
3746
3746
3746
3746
3746
3746
3746
3746
3746
3746
3746
3746
3746
3746
3746
3746
3746
3746
3746
3746
3746
3746
3746
3746
3746
3746
3746
3746
3746
3746
3746
3746
3746
3746
3746
3746
3746
3746
3746
3746
3746
3746
3746
3746
3746
3746
3728
3728
3728
3728
3728
3728
3728
3728
3488
0.756083