3070
2954
2922
2852
2808
2848
2864
2810
2842
2752
2844
2806
2772
2790
2772
2756
2734
2826
2814
2782
2790
2770
2710
2848
2802
2822
2764
2884
2834
2790
2828
2818
2874
2816
2852
2858
2760
2744
2818
2828
2794
2796
2878
2838
2744
2736
2798
2816
2814
2814
2892
2844
2880
2754
2780
2824
2810
2816
2790
2814
2762
2794
2748
2814
2800
2848
2776
2760
2880
2870
2826
2806
2700
2788
2704
2770
2836
2832
2864
2824
2752
2816
2836
2848
2802
2810
2806
2866
2878
2826
2848
2836
2732
2774
2772
2768
2840
2792
2858
2804
2846
2732
2862
2828
2828
2848
2842
2830
2790
2806
2772
2836
2808
2862
2886
2862
2808
2826
2802
2898
2832
2798
2846
2830
2844
2844
2838
2868
2806
2792
2840
2812
2814
2856
2766
2804
2828
2760
2718
2774
2800
2776
2848
2784
2860
2802
2804
2720
2792
2844
2438
7.88574