6594
6508
6508
6516
6380
6380
6380
6380
6380
6516
6516
6318
6560
6512
6506
6256
6256
6318
6318
6172
6330
6312
6282
6356
6356
6356
6356
6230
6230
6230
6230
6230
6230
6230
6230
6178
6230
6230
6188
6230
6230
6230
6230
6230
6230
6230
6230
6230
6092
6092
6092
6230
6230
6230
6230
6230
6230
6230
6166
6166
6166
6166
6166
6166
6166
6166
6166
6146
6146
6146
6166
6166
6166
6082
6230
6230
6230
6230
6230
6198
6114
6114
6114
6078
6078
6078
6078
6078
6078
6114
5950
6114
6114
6114
6114
6114
6114
6114
6114
6114
6114
6114
6114
6114
6114
6114
6114
6074
6074
6074
6114
6114
6114
6114
6114
6032
6114
6114
6092
6114
6114
6114
6114
5962
6124
6124
6124
6124
6124
6124
6124
6124
6124
6124
6124
6124
6124
6124
6124
6124
6108
6124
6124
6048
6048
6040
6040
6040
6040
6040
5234
0.455692