175558
175108
174126
173584
173008
172084
171918
171328
170656
170108
169506
169506
169392
169392
169154
168958
168664
168460
168340
167942
167942
167942
167942
167650
167302
167270
166964
166964
166964
166068
166068
166068
166068
166068
166068
166068
166068
166068
166068
166068
166068
166068
166068
166068
166068
166068
165880
165880
165880
165880
165624
165624
165624
165468
165468
165468
165194
165194
165194
165066
165066
165066
164848
164848
164848
164848
164848
164848
164730
164730
164730
164730
164730
164730
164650
164650
164650
164650
164650
164650
164650
164650
164590
164590
164538
164538
164538
164538
164538
164538
164538
164538
164538
164538
164460
164460
164390
164390
164390
164390
164390
164296
164296
164296
164296
164296
164296
164296
164296
164296
164296
164018
164018
164018
164018
164018
164018
164018
164018
164018
164018
164018
164018
164018
164018
164018
164018
164018
164018
164018
163856
163856
163856
163856
163856
163856
163856
163856
163856
163856
163856
163856
163856
163856
163856
163856
163584
163584
163584
163584
152002
88.1813