175558
173972
173578
173482
173502
173490
172968
172548
172546
172124
171662
171604
171240
171368
171226
170990
170586
170494
170076
170036
170080
169824
169386
168704
168596
168714
168546
168580
168072
168116
168002
167858
167834
167678
167440
167648
167582
167420
167474
167442
167572
167466
167234
167162
167218
167218
166902
166356
166380
166016
166572
166976
166938
166994
166728
166672
166628
166784
166424
166532
166140
166480
166500
166578
166502
166676
166580
166056
166002
165864
166464
166352
166282
166344
166254
166058
165842
165658
165802
165776
165656
165568
165334
165486
165526
165016
165608
165648
165810
165784
165662
165626
165898
165898
165936
166180
165986
165720
165870
165902
165902
165862
165862
165862
165768
165480
165480
165604
165464
165464
165510
165588
165456
165456
165806
165750
165542
165538
165440
165590
165482
165534
165490
165400
165244
165380
165208
165208
165312
165500
165654
165420
165534
165542
165510
165322
165322
165322
165322
165282
165026
164934
164950
164972
165120
165318
165244
165220
165220
164436
152002
156.034