175558
174824
174482
174284
174216
173542
172860
172570
171998
171502
171502
171450
171274
171022
170920
170724
170316
170116
170116
170078
169806
169124
168716
168260
168260
167952
167952
167952
167952
167556
167556
167556
167556
167542
167364
167364
167316
166972
166862
166370
166370
166370
166370
166370
166370
166204
166204
166162
166084
165908
165404
165256
165240
165240
165240
165170
165150
165150
165150
165150
165150
164826
164826
164826
164826
164826
164772
164756
164630
164630
164586
164268
164268
164268
164268
164268
164268
164268
163968
163968
163968
163908
163908
163908
163554
163554
163554
163554
163554
163538
163522
163438
163438
163438
163438
163438
163438
163438
163438
163438
163322
163174
163174
163118
162858
162858
162858
162858
162858
162858
162762
162762
162762
162762
162762
162762
162762
162614
162614
162614
162614
162614
162614
162614
162614
162614
162614
162614
162614
162614
162614
162614
162614
162614
162614
162614
162614
162614
162614
162614
162614
162614
162402
162402
162402
162402
162402
162402
162402
162402
152002
14.7792