175558
175558
175484
175034
175034
175034
175034
175034
175034
175034
175034
175034
175034
175034
174730
174730
174730
174598
174598
174598
174598
174226
174226
174226
174226
174200
174006
174006
173792
173792
173644
173400
173210
173210
173210
173210
173210
173210
173210
173210
173210
173210
173150
173004
173004
173004
172926
172926
172926
172926
172926
172876
172774
172698
172698
172698
172698
172698
172698
172698
172698
172698
172698
172698
172166
172166
172166
172166
171958
171924
171924
171924
171924
171924
171924
171924
171924
171924
171924
171924
171924
171924
171924
171924
171924
171924
171924
171924
171924
171924
171848
171848
171404
171370
171200
171200
171200
171200
171200
171200
170964
170964
170964
170964
170652
170652
170652
170652
170652
170652
170652
170652
170652
170538
170538
170538
170538
170538
170538
170538
170538
170342
170342
170342
170156
170156
170156
170156
170156
170156
170156
170156
170156
170156
170156
170156
170156
170156
170156
170156
169952
169932
169932
169932
169932
169932
169932
169932
169932
169932
152002
148.931