18898
18564
18348
18144
17990
17990
17952
17880
17742
17742
17742
17742
17742
17742
17742
17742
17742
17742
17742
17742
17742
17742
17742
17546
17546
17546
17546
17546
17426
17426
17426
17426
17426
17426
17426
17426
17426
17426
17410
17410
17410
17410
17410
17410
17328
17328
17328
17328
17328
17328
17328
17328
17328
17328
17328
17328
17328
17328
17328
17328
17328
17328
17328
17328
17328
17328
17328
17328
17328
17328
17328
17328
17328
17328
17328
17328
17328
17328
17328
17328
17328
17328
17320
17320
17320
17320
17320
17320
17320
17320
17320
17320
17320
17320
17320
17320
17320
17320
17320
17320
17320
17320
17320
17320
17320
17320
17320
17320
17320
17320
17320
17320
17320
17320
17320
17320
17320
17320
17320
17320
17320
17320
17320
17320
17320
17320
17320
17320
17320
17320
17320
17320
17320
17320
17320
17320
17320
17320
17320
17320
17320
17320
17320
17320
17320
17320
17320
17320
17320
17320
15812
1.77241