27906
27730
27550
27542
27188
27166
26938
26876
26728
26728
26728
26596
26492
26492
26404
26298
26278
26224
26224
26224
26178
26054
26054
25926
25926
25926
25910
25764
25718
25718
25562
25562
25562
25562
25526
25478
25478
25478
25478
25390
25390
25390
25390
25390
25390
25390
25390
25390
25390
25390
25390
25390
25390
25390
25390
25390
25390
25316
25316
25316
25316
25308
25308
25308
25308
25308
25212
25212
25212
25208
25200
25200
25200
25196
25196
25172
25172
25172
25088
25088
25088
25088
25064
25064
25064
25064
25064
25048
25048
25048
25042
25042
25042
25042
25028
25028
25028
25028
24980
24980
24980
24980
24980
24980
24980
24978
24960
24936
24936
24936
24936
24936
24936
24936
24936
24936
24936
24936
24916
24916
24916
24916
24916
24916
24916
24916
24916
24896
24896
24896
24896
24896
24896
24896
24896
24896
24896
24896
24896
24888
24888
24884
24884
24884
24884
24884
24884
24884
24884
24864
23386
3.86679