18898
18898
18624
18616
18486
18350
18306
17996
17996
17996
17996
17996
17996
17928
17928
17928
17866
17866
17858
17780
17678
17678
17676
17676
17676
17676
17676
17676
17676
17676
17616
17616
17616
17616
17502
17502
17502
17502
17502
17502
17502
17502
17502
17502
17502
17502
17502
17380
17380
17380
17380
17380
17380
17380
17380
17380
17380
17380
17316
17316
17316
17316
17316
17316
17316
17316
17316
17316
17316
17316
17316
17316
17316
17316
17316
17316
17316
17194
17194
17194
17194
17194
17194
17194
17194
17194
17194
17194
17194
17194
17194
17194
17194
17194
17194
17194
17194
17194
17194
17194
17194
17194
17194
17194
17194
17194
17194
17194
17194
17194
17194
17194
17194
17194
17194
17194
17194
17194
17194
17194
17194
17194
17130
17130
17130
17130
17130
17130
17130
17130
17130
17130
17130
17130
17130
17130
17098
17098
17098
17098
17098
17098
17098
17098
17098
17098
17098
17098
17098
17098
15812
16.3199