27906
27906
27906
27770
27770
27770
27770
27770
27770
27770
27770
27698
27698
27698
27698
27698
27698
27698
27652
27652
27652
27620
27620
27534
27514
27514
27486
27474
27474
27474
27474
27474
27474
27474
27474
27474
27472
27472
27472
27472
27472
27472
27472
27472
27472
27472
27472
27472
27472
27472
27472
27472
27472
27472
27472
27472
27472
27472
27472
27472
27472
27472
27472
27472
27444
27444
27444
27444
27444
27444
27444
27444
27444
27444
27444
27444
27444
27444
27444
27444
27444
27444
27444
27328
27328
27328
27328
27328
27328
27328
27328
27328
27328
27328
27328
27328
27328
27328
27328
27328
27328
27328
27328
27328
27328
27328
27328
27328
27328
27328
27328
27328
27328
27328
27328
27328
27328
27328
27328
27328
27328
27328
27328
27328
27328
27328
27328
27328
27328
27328
27328
27328
27328
27328
27328
27328
27328
27328
27328
27328
27328
27328
27320
27202
27202
27202
27202
27202
27202
27202
23386
51.1667