18898
18938
18898
18938
18898
18938
18936
18860
18856
18858
18780
18666
18666
18666
18666
18666
18584
18600
18528
18492
18258
18348
18332
18340
18258
18348
18424
18348
18424
18348
18424
18180
18180
18180
18180
18180
18206
18180
18206
18180
18206
18156
18156
18156
18156
18156
18156
18156
18156
18156
18156
18106
18002
18086
18002
18086
17920
18018
17918
18018
17918
17870
17870
17870
17870
17870
17760
17762
17746
17738
17746
17868
17746
17868
17746
17868
17746
17782
17752
17746
17788
17794
17798
17794
17798
17794
17798
17870
17902
17798
17870
17902
17848
17848
17848
17848
17848
17876
17848
17876
17848
17876
17742
17808
17858
17790
17822
17830
17822
17830
17822
17830
17826
17826
17826
17826
17826
17774
17746
17774
17746
17774
17774
17774
17774
17774
17774
17634
17646
17656
17646
17656
17708
17656
17708
17656
17708
17718
17708
17718
17708
17718
17716
17688
17716
17688
17716
17716
17716
17716
15812
29.7854