57464
57420
57420
57240
57050
57050
57050
57050
57050
56720
56720
56720
56720
56720
56720
56720
56720
56720
56720
56720
56720
56720
56720
56720
56552
56552
56242
56170
56170
56170
56170
56170
56170
56054
56054
56054
56054
56054
55924
55924
55924
55924
55924
55812
55812
55812
55812
55812
55812
55812
55812
55812
55812
55812
55812
55812
55812
55812
55812
55812
55812
55812
55812
55812
55792
55792
55792
55792
55792
55792
55792
55792
55792
55792
55792
55638
55632
55632
55632
55632
55632
55632
55632
55632
55632
55632
55632
55632
55632
55632
55632
55632
55632
55632
55608
55596
55596
55596
55596
55596
55596
55596
55596
55596
55596
55596
55596
55596
55596
55596
55596
55536
55300
55300
55300
55300
55300
55300
55300
55300
55300
55300
55300
55300
55300
55300
55300
55300
55300
55300
55300
55300
55300
55196
55196
55196
55196
55196
55196
55196
55196
55196
55196
55196
55196
55196
55196
55196
55196
55196
48498
86.7352