57464
57098
56940
56954
56776
56708
56560
56560
56340
56340
56340
55728
55804
55816
55804
55342
55356
55198
55226
55198
54790
54790
54612
54712
54724
54654
54606
54654
54606
54658
54678
54138
54224
54266
54210
54164
54292
54164
54186
54164
53972
53972
54176
54022
53972
54404
53972
54072
53972
54152
53972
54152
54006
53940
54162
54038
54110
54066
53988
54284
53988
53846
53800
53712
53760
53712
53638
53630
53632
53536
53536
53536
53536
53764
53536
53428
53448
53130
53130
53154
53076
53156
53076
53076
53076
53076
52892
53014
53114
53014
52986
53042
53014
53206
53014
52890
52890
52872
52872
53072
53044
53202
53072
53072
53214
53072
53108
53072
52998
52998
52998
53042
52998
53182
52998
53044
52998
53032
52998
53032
52940
52926
52902
52926
52910
52910
52910
52970
52910
52764
52838
52926
52838
52926
52736
52808
52852
52740
52740
52740
52740
52856
52776
52880
52776
52986
52960
53068
53142
53068
48498
66.0751