57464
56484
56484
56062
55820
55568
55292
55112
55006
54996
54702
54702
54564
54450
54450
54450
54450
54430
54382
54298
54298
54200
54200
54136
54054
53612
53612
53612
53612
53612
53612
53582
53582
53582
53582
53582
53582
53582
53582
53582
53582
53582
53582
53500
53500
53500
53470
53470
53470
53470
53304
53304
53304
53304
53304
53304
53304
53304
53304
53278
53180
53180
53180
53180
53180
53180
53180
53080
53080
53080
53080
53080
53080
53080
53080
53080
53080
53080
53080
53080
53080
53080
53080
53080
53080
53080
53080
53080
53080
53076
52690
52690
52690
52690
52690
52690
52690
52690
52690
52690
52690
52690
52690
52690
52690
52690
52690
52592
52592
52592
52592
52592
52592
52592
52592
52592
52592
52592
52592
52592
52592
52592
52592
52592
52592
52592
52592
52592
52592
52592
52592
52592
52592
52592
52592
52592
52592
52592
52592
52592
52592
52592
52592
52592
52592
52592
52592
52592
52592
52592
48498
34.4171