57464
56030
55562
54878
54258
54258
54258
54218
54218
54218
54218
54218
53900
53900
53900
53900
53900
53886
53886
53886
53708
53708
53708
53708
53606
53606
53606
53606
53606
53606
53606
53606
53606
53606
53606
53570
53570
53570
53570
53570
53336
53336
53198
53198
53198
53198
53198
53150
53150
52864
52864
52764
52764
52764
52764
52764
52764
52764
52764
52764
52764
52764
52764
52764
52764
52764
52764
52764
52764
52764
52764
52764
52764
52764
52764
52764
52764
52764
52764
52764
52764
52764
52764
52764
52764
52764
52764
52764
52764
52764
52764
52764
52764
52764
52764
52764
52764
52764
52764
52764
52764
52764
52764
52764
52764
52764
52764
52764
52764
52764
52764
52764
52764
52764
52764
52764
52764
52764
52764
52764
52764
52764
52764
52764
52764
52596
52596
52596
52596
52596
52596
52596
52596
52596
52596
52596
52596
52596
52596
52596
52596
52596
52596
52596
52596
52596
52596
52596
52596
52596
48498
3.44152