57464
57118
56622
56622
56324
55938
55608
55520
55300
54868
54758
54446
54386
54380
54380
54380
54380
54246
54246
54246
54246
54162
54020
53888
53886
53764
53764
53594
53522
53374
53374
53374
53374
53374
53374
53374
53374
53346
53298
53298
53298
53214
53214
53214
53214
53214
53210
53210
53034
52942
52942
52942
52942
52922
52922
52900
52900
52566
52566
52566
52442
52442
52442
52442
52410
52410
52410
52410
52410
52410
52410
52410
52410
52410
52410
52410
52410
52410
52410
52396
52396
52276
52276
52190
52190
52190
52146
52146
52146
52146
52146
52146
52146
52146
52146
52146
52146
52146
52146
52146
52082
52004
52004
52004
52004
52004
52004
52004
52004
51994
51994
51994
51980
51980
51980
51980
51980
51948
51948
51948
51948
51844
51764
51764
51764
51764
51764
51758
51758
51758
51758
51758
51758
51758
51758
51716
51716
51716
51716
51640
51640
51640
51640
51640
51640
51640
51640
51640
51504
51504
48498
5.84202