77524
77524
77524
77524
77524
77524
77524
77524
77354
77354
77058
77058
77058
77058
76766
76766
76766
76766
76744
76186
76186
76186
76186
76186
76032
76018
76018
76018
76018
76018
76018
76018
76018
76018
76018
76018
76018
76018
76018
76018
76018
76018
75972
75972
75972
75972
75972
75972
75972
75972
75972
75972
75972
75972
75972
75972
75972
75972
75972
75922
75922
75922
75922
75922
75922
75922
75922
75922
75922
75922
75922
75922
75922
75908
75908
75722
75322
75322
75322
75322
75322
75322
75250
75146
75146
75146
75146
75146
75146
75146
75146
75146
75146
75146
75146
75146
75146
75146
75146
75146
75146
75146
75146
75146
75146
75146
75146
75146
75146
75146
75146
75146
75146
75146
75146
75146
75146
75146
75146
75146
75146
75146
75146
75146
75146
75146
75146
75146
75146
75146
75146
74782
74782
74782
74782
74782
74782
74782
74782
74782
74782
74782
74656
74570
74570
74570
74570
74570
74570
74570
66256
86.2196