77524
77900
77190
77902
77574
77286
77286
77276
77276
77122
76936
77056
76492
76404
76460
75876
76450
76460
76260
76260
76260
76260
76210
76210
75392
76260
76260
76260
76260
76180
76180
75446
76260
76260
76258
76258
76258
75906
75906
75830
75830
75906
75840
75840
75966
75398
75994
75994
75962
75580
75362
75362
75362
75362
75362
75362
75362
75362
75362
75362
75362
75362
74838
74838
74838
75096
75096
75096
75096
75096
75096
75096
75096
75096
75096
75096
75096
75096
75096
75096
74832
74832
74832
74832
74802
75096
75096
75096
75096
75096
75032
75096
75096
74392
74642
74778
74864
74864
74864
74864
74864
74864
74864
74864
74864
74864
74864
74864
74864
74864
74864
74864
74864
74848
74848
74848
74864
74864
74864
74864
74864
74864
74864
74864
74864
74864
74864
74864
74740
74740
74740
74728
74728
74728
74728
74728
74664
74476
74476
74476
74476
74476
74476
74296
74296
74296
74296
74296
74296
74296
66256
1.32573