77524
77524
77284
76812
76758
76636
76040
75954
75792
75734
75618
75528
74824
74768
74734
74680
74638
74638
74580
74010
74010
74010
73834
73796
73796
73662
73576
73474
73228
73228
73228
73228
73228
73228
73224
73204
72896
72896
72896
72844
72844
72844
72844
72844
72774
72724
72724
72724
72724
72598
72598
72454
72326
72326
72218
72218
72218
72218
72218
72042
72042
72042
72042
72042
72042
72042
72042
72042
72042
72042
72010
72010
71830
71830
71750
71750
71750
71750
71750
71750
71738
71738
71738
71732
71650
71650
71650
71620
71552
71552
71552
71552
71446
71270
71270
71208
71208
71208
71208
71208
71208
71208
71208
71208
71068
71068
71068
71068
71068
70994
70994
70994
70994
70994
70994
70994
70994
70994
70994
70994
70994
70994
70960
70960
70960
70960
70960
70960
70936
70936
70936
70936
70936
70772
70772
70772
70772
70772
70772
70772
70772
70772
70772
70772
70772
70772
70772
70724
70724
70724
66256
7.01891