77524
75962
75624
75150
74168
74168
74130
74130
74130
74130
74130
74020
74020
74020
74006
73512
73512
73512
73512
73454
73454
73454
73454
73244
73244
73164
73164
73164
73072
73072
73072
73072
73072
72932
72932
72932
72932
72932
72932
72932
72932
72932
72932
72902
72902
72902
72902
72902
72902
72902
72902
72902
72902
72902
72902
72902
72902
72902
72902
72902
72902
72902
72634
72634
72634
72634
72634
72634
72634
72634
72634
72634
72634
72634
72534
72534
72534
72534
72534
72534
72534
72264
72264
72264
72264
72264
72264
72264
72264
72264
72264
72264
72264
72264
72264
72264
72264
72264
72264
71930
71882
71882
71882
71882
71882
71882
71882
71882
71882
71882
71882
71882
71882
71746
71746
71746
71746
71746
71746
71746
71746
71746
71746
71746
71746
71746
71746
71746
71746
71746
71746
71746
71746
71746
71746
71746
71746
71746
71746
71708
71708
71708
71708
71708
71708
71708
71708
71708
71708
71708
66256
4.28332