77524
77524
77524
77364
77364
77306
77844
77844
77678
77602
77536
77408
77408
77408
77308
77184
76716
76578
76936
76936
76930
76608
76608
76886
76758
76506
76124
76458
76344
76344
76238
76124
76110
76112
76112
76112
75760
75760
75736
75744
75760
75760
75760
75760
76296
76296
76178
75834
75834
75772
75882
75882
75882
75746
75696
75696
75428
75428
75428
75068
75068
75068
75068
75068
75354
75354
75354
75064
75064
75758
75758
75666
75776
75686
75686
75618
75466
75466
75466
75508
75508
75508
75508
75508
75486
75126
75126
75188
75188
75188
75188
75188
75188
75188
75188
75134
74848
75134
75188
75188
75174
75174
75174
75174
75064
75064
75064
74640
74640
74640
74606
74606
74606
74606
74606
74606
74606
74606
74606
74606
74606
74606
74606
74442
74442
74684
74560
74824
74594
74536
74536
74536
74536
74536
74536
74450
74450
74288
74120
74120
74120
74120
74502
74570
74522
74696
74538
74538
74538
74538
66256
7.00712