106434
106420
105798
105798
105636
105636
105636
105636
105636
105636
105288
104968
104902
104902
104770
104770
104770
104770
104770
104770
104770
104770
104770
104770
104770
104770
104770
104770
104770
104770
104770
104770
104770
104770
104770
104770
104770
104684
104402
104402
104368
103730
103730
103730
103730
103730
103730
103730
103730
103730
103730
103730
103730
103730
103730
103730
103730
103730
103730
103730
103730
103730
103730
103730
103730
103654
103558
103558
103558
103558
103558
103558
103314
103314
103314
103314
103314
103314
103314
103314
103314
103314
103314
103314
103314
103314
103314
103314
103314
103314
103314
103314
103314
103314
103314
103314
103194
103194
103194
103194
103194
103194
103194
103194
103194
103194
102966
102966
102966
102966
102966
102966
102654
102654
102654
102654
102654
102654
102654
102654
102654
102154
102154
102154
102154
102154
101936
101936
101936
101936
101936
101440
101440
101440
101440
101440
101440
101440
101440
101440
101440
101440
101440
101440
101440
101440
101440
101440
101440
101440
90998
110.008