106434
106096
106206
106518
106330
106220
105740
105740
106118
105060
104866
104866
104866
104866
104866
105322
105062
105062
104708
104708
104826
104770
104770
104826
104826
104090
104074
103088
104090
103906
103856
104090
104252
104474
104004
103952
103818
103818
103818
103818
103818
103818
103818
103818
103818
103818
103818
103818
103818
103782
103782
104116
103872
103724
103728
103728
103842
103842
103330
103842
103672
103046
103652
103672
103296
103296
103146
103510
103370
103100
103100
103354
103454
103414
103092
103092
103092
103438
103344
103344
103332
103080
103080
103080
103174
102826
102826
102826
103344
103102
103102
103102
103102
102342
103022
103022
103022
103022
102484
102918
102918
102456
102174
102014
102174
102174
102456
102446
102432
102432
102432
102316
102352
102244
102352
102352
102352
102456
102550
102550
102550
102550
102460
102394
102394
102360
102360
102360
102360
102686
102686
102488
102488
102488
102488
102488
102488
102488
102444
102480
102488
102488
102488
102488
102078
101950
101950
101950
101950
101950
90998
1.8776