106434
106334
106234
105616
105556
105556
105556
105616
104704
105338
105252
105252
105212
104440
104240
104240
104448
104358
104448
104296
103884
103620
104324
104324
104324
104324
103904
103904
103872
103872
103688
103688
103878
103682
103618
103504
103392
103392
103336
103336
103336
103578
103682
103610
103528
103528
103528
103266
103266
103672
103424
102852
103424
103682
103602
103918
103918
103918
104142
104038
104128
103848
104128
104034
104212
104148
104062
103886
103818
103684
103788
103738
103522
103522
103320
103114
103082
102454
102894
102894
102626
102626
102626
102626
102626
102626
102626
102250
102410
102410
102144
102144
102144
102348
102288
102290
102194
102110
102110
102110
102110
101618
102110
102110
102110
102514
102514
102514
102514
102514
102514
102514
102464
102514
102514
102514
102514
102514
102514
102514
102514
102514
102514
102514
102302
102514
102508
102508
102508
102384
102264
102264
102264
102264
102196
102470
102470
102470
102124
102404
102470
102260
102260
102260
102260
102554
102270
102270
102186
102270
90998
8.93316