106434
106036
105324
105294
105176
104212
104112
104368
103942
103592
103524
103012
102900
102916
102756
102648
102648
102474
102358
102354
102600
102160
102090
102056
102196
101988
102108
101458
101332
101248
101256
100726
100742
100720
100594
100692
100642
100846
100728
100800
100780
100780
100682
100934
100910
101070
101004
100850
101022
100802
100802
100622
100650
100746
100700
100576
100640
100640
100468
100216
100216
100184
100286
100410
100196
100452
100196
99776
99964
99776
99740
99656
99634
99656
99740
99624
99622
99498
99652
99532
99408
99882
99408
99240
99010
98868
98824
98886
99052
98926
98662
99062
98918
99462
99298
99366
99366
99366
99320
99366
99628
99822
99628
99172
99778
99902
99778
99532
99702
99598
99924
99798
99886
99886
99666
99666
99624
99528
99182
99298
99370
99244
99314
99244
99316
99540
99574
99446
98982
98974
99468
99468
99474
99546
99408
99408
99380
99292
99368
99328
99346
99354
99346
99286
99298
99274
99250
99246
99462
99264
90998
105.004