106434
105982
105250
104490
104096
104070
103844
103628
103504
103000
102748
102708
102480
102360
102248
102234
101968
101818
101578
101578
101404
101220
101220
101220
101048
100840
100660
100160
100160
100032
99722
99722
99722
99722
99722
99494
99494
99494
99494
99364
99088
99088
99088
99088
99088
99088
99088
99088
99088
99088
99088
99088
99088
99084
99084
99084
99084
98660
98660
98628
98558
98558
98554
98554
98464
98464
98464
98464
98410
98372
98304
98226
98226
98226
98226
98226
98226
98226
98226
97898
97898
97898
97898
97898
97898
97850
97850
97850
97822
97822
97722
97722
97722
97578
97578
97578
97578
97578
97578
97578
97500
97500
97500
97500
97420
97420
97420
97420
97384
97384
97384
97352
97352
97170
97170
97170
97170
97170
97170
97162
97162
97162
97036
96998
96998
96998
96950
96950
96950
96950
96930
96894
96894
96894
96888
96888
96826
96770
96770
96770
96770
96770
96718
96718
96718
96718
96718
96718
96718
96680
90998
9.73787