106434
105280
104320
103778
103236
102794
102718
102902
102548
102332
101974
102260
101876
101526
101790
101688
101884
101794
101202
101370
101034
101358
101138
101362
101266
101412
101390
100924
101096
101406
101498
101614
101066
101200
101234
101492
101098
101368
100164
100280
100504
100966
100758
100862
101376
100910
100916
101176
101222
101136
101436
101402
101372
101384
101188
101274
101362
101328
100834
101154
101090
101080
101412
101592
101512
101494
101154
101624
101180
101122
101534
100818
100762
101242
101206
101256
101144
101392
101352
100968
100732
100676
100558
101026
101300
101270
101090
101106
101124
100630
100972
101274
101674
101272
101252
101140
101058
101238
101464
100782
101310
101540
101044
101504
101320
101310
101420
101054
101340
101068
100858
100960
100750
101120
100376
100724
100424
101030
100496
100486
100632
100872
100812
101128
101126
101224
100978
101198
101230
101358
101026
100972
101226
101090
100896
101010
101270
101182
100968
101174
101302
101520
101392
101432
100746
100946
101030
101172
100872
100566
90998
101.74