106434
104924
104924
103742
103742
103210
103210
102708
102706
101970
101726
101666
101666
101514
101468
101382
101382
101382
100768
100768
100768
100768
100768
100544
100544
100544
100482
100482
100482
100372
100372
100372
100372
100372
100372
100330
100330
100330
99980
99980
99980
99980
99980
99980
99980
99980
99980
99980
99980
99916
99916
99916
99710
99710
99710
99710
99710
99710
99710
99710
99710
99710
99710
99702
99702
99614
99600
99600
99584
99134
99134
99134
99134
99134
99134
99134
99134
99134
99134
99134
99134
98840
98840
98840
98840
98840
98826
98826
98826
98826
98826
98826
98826
98826
98826
98680
98524
98524
98524
98524
98524
98524
98524
98524
98524
98524
98524
98524
98524
98524
98394
98394
98394
98394
98394
98394
98394
98394
98394
98394
98394
98394
98394
98394
98394
98394
98394
98394
98394
98394
98394
98394
98394
98394
98394
98394
98394
98394
98394
98394
98282
98282
98282
98282
98282
98282
98282
98282
98230
98162
90998
54.6128