18136
18752
18862
18254
18088
17744
17744
17072
18088
18068
18032
17182
17182
17182
17574
17574
17506
17358
17132
17466
17466
17406
17202
17202
17202
17202
17452
17452
17452
17210
17452
17452
17616
16334
16334
16334
16334
16334
16334
16238
16334
16334
16754
16846
16846
16244
16244
16244
16244
16308
16308
16846
16846
16738
16668
16668
16504
16426
16426
15886
16220
15204
15588
15588
15588
15588
15588
16364
16364
16452
16402
16278
16206
16118
16036
16036
15966
16036
15340
15340
15340
15340
16422
16358
16358
16160
15950
15950
16082
16082
16082
15616
15616
15616
16082
16000
16000
16064
16064
15816
15226
15226
15226
15690
15816
15816
15680
15680
15680
15780
15816
15816
15530
15530
15530
15724
15848
15868
15868
15868
15910
15910
15910
15702
15702
15910
15542
15832
15648
14896
14896
15832
15726
15726
15796
14892
15020
15020
15020
15020
15020
15020
15020
15576
15576
15380
15380
15380
15206
15380
9526
0.430603