18136
17508
17626
17422
17626
17422
16946
17180
17108
17120
17294
16900
17180
16534
16344
16534
16344
16534
16394
16534
16394
16534
16394
16534
16394
15188
15224
15188
15224
15188
15224
15188
15206
15128
15180
15128
15180
15128
15402
15128
15402
15128
15402
15128
15402
15094
15402
15094
15402
15094
15402
15094
14910
14910
14910
14910
14910
14910
14910
14994
14910
14994
14910
14994
14910
14994
14600
14612
14600
14612
14600
14612
13926
13926
13926
13926
13926
13926
13938
13926
13938
13926
13938
13926
13938
14474
13938
14474
13938
14474
13938
14474
14168
14040
14168
14040
14168
14040
14168
13976
14388
13976
14388
13976
14272
14442
14350
14308
14350
14308
14350
14308
14128
13982
13840
13662
13714
13662
13714
13492
13506
13492
13506
13492
13506
13492
13506
13242
13422
13242
13422
13242
13422
13422
13422
13422
13422
13422
13422
13422
13398
13422
13398
13422
13398
13422
13398
13706
13360
13668
9526
22.5373