18136
18136
17686
17686
17686
18080
17626
18316
17970
18252
17430
17258
17430
17118
17118
17118
17118
17118
16492
16838
16708
17696
17514
17444
17278
17084
17084
16840
16840
16718
16718
16316
16316
16870
16424
16112
16112
16088
16086
16088
16228
16228
16316
16610
15660
15660
15666
15624
15464
15464
15254
15254
15254
15312
15312
15312
15140
15140
15262
15262
15262
15262
15262
15262
14824
15262
15262
15262
15262
15758
15758
15750
14906
14906
14814
14814
14814
15194
15114
15114
15114
15114
15114
15114
15378
15240
15240
15240
14992
14992
15240
14956
14956
14956
15426
15184
15184
15184
15122
15122
15122
15122
14994
14496
14496
14298
15386
14968
14968
15040
15040
15040
15040
15040
15034
15032
15032
15032
15032
14978
14978
14978
14978
14978
14736
14736
14702
14702
14256
13950
13950
13950
13950
13950
13950
15084
15084
14742
15308
15212
15028
15028
15028
15000
14954
14954
14834
14834
14834
14834
9526
2.63219