18136
16688
16358
16320
15918
15436
15068
14808
14808
14414
14414
14414
14066
14066
14066
14066
13926
13926
13740
13740
13740
13740
13700
13372
13372
13372
13372
13372
13372
13372
13372
12982
12982
12982
12982
12982
12982
12982
12982
12982
12982
12982
12982
12846
12846
12846
12846
12846
12668
12668
12668
12668
12668
12668
12668
12668
12668
12668
12668
12668
12668
12668
12668
12668
12668
12668
12668
12668
12668
12520
12520
12520
12520
12520
12520
12520
12520
12502
12502
12502
12502
12502
12502
12502
12502
12502
12502
12502
12312
12312
12312
12312
12312
12312
12312
12312
12312
12312
12312
12312
12312
12312
12312
12312
12312
12312
12312
12312
12276
12276
12276
12276
12276
12276
12260
12260
12260
12260
12260
12260
12260
12260
12260
12260
12260
12260
12260
12260
12260
12260
12260
12260
12260
12260
12260
12260
12260
12260
12260
12260
12260
12260
12260
12260
12260
12030
12030
12030
12030
12030
9526
12.4138