2.83198e+06
2.79436e+06
2.77275e+06
2.76165e+06
2.7613e+06
2.7446e+06
2.74057e+06
2.74097e+06
2.73419e+06
2.74515e+06
2.72312e+06
2.72438e+06
2.73106e+06
2.72637e+06
2.73285e+06
2.73207e+06
2.72786e+06
2.72094e+06
2.73761e+06
2.73985e+06
2.73341e+06
2.73719e+06
2.73864e+06
2.75715e+06
2.743e+06
2.74893e+06
2.70844e+06
2.71524e+06
2.74941e+06
2.75524e+06
2.73761e+06
2.72002e+06
2.72051e+06
2.72541e+06
2.71373e+06
2.72557e+06
2.73111e+06
2.74329e+06
2.74927e+06
2.70904e+06
2.71732e+06
2.72129e+06
2.73767e+06
2.74214e+06
2.75725e+06
2.72932e+06
2.7439e+06
2.73964e+06
2.73691e+06
2.73983e+06
2.74496e+06
2.73279e+06
2.73818e+06
2.73611e+06
2.73664e+06
2.74673e+06
2.73017e+06
2.71001e+06
2.73868e+06
2.70806e+06
2.71658e+06
2.74373e+06
2.74072e+06
2.73757e+06
2.72151e+06
2.71959e+06
2.74704e+06
2.7442e+06
2.73982e+06
2.74138e+06
2.7396e+06
2.72153e+06
2.73009e+06
2.74152e+06
2.72591e+06
2.73308e+06
2.74975e+06
2.74452e+06
2.73609e+06
2.72834e+06
2.74074e+06
2.74422e+06
2.73826e+06
2.75009e+06
2.75622e+06
2.73106e+06
2.72477e+06
2.75773e+06
2.74479e+06
2.72301e+06
2.73509e+06
2.74168e+06
2.73276e+06
2.73612e+06
2.74759e+06
2.74022e+06
2.74115e+06
2.7523e+06
2.73925e+06
2.72314e+06
2.72041e+06
2.74063e+06
2.7096e+06
2.74109e+06
2.72373e+06
2.72566e+06
2.73933e+06
2.73711e+06
2.73319e+06
2.74259e+06
2.73863e+06
2.73587e+06
2.70174e+06
2.72867e+06
2.74845e+06
2.74694e+06
2.74308e+06
2.7348e+06
2.74029e+06
2.74546e+06
2.7388e+06
2.73981e+06
2.75044e+06
2.72414e+06
2.73997e+06
2.71638e+06
2.72136e+06
2.73242e+06
2.73425e+06
2.70132e+06
2.72492e+06
2.69118e+06
2.71094e+06
2.71846e+06
2.73006e+06
2.74779e+06
2.75148e+06
2.7205e+06
2.74546e+06
2.7284e+06
2.72017e+06
2.72582e+06
2.74468e+06
2.74582e+06
2.73279e+06
2.73243e+06
2.70742e+06
2.73175e+06
2.73493e+06
2.75403e+06
2.422e+06
20.4068