2.83198e+06
2.79155e+06
2.77024e+06
2.76998e+06
2.75532e+06
2.74867e+06
2.72954e+06
2.70831e+06
2.70831e+06
2.7047e+06
2.6997e+06
2.6997e+06
2.6997e+06
2.68168e+06
2.68168e+06
2.68168e+06
2.68168e+06
2.68168e+06
2.68168e+06
2.66967e+06
2.66967e+06
2.66079e+06
2.66079e+06
2.66079e+06
2.66079e+06
2.62877e+06
2.62877e+06
2.62877e+06
2.62877e+06
2.62877e+06
2.62877e+06
2.60921e+06
2.60921e+06
2.60532e+06
2.60532e+06
2.60532e+06
2.60532e+06
2.60532e+06
2.60532e+06
2.60532e+06
2.60532e+06
2.60532e+06
2.60532e+06
2.60532e+06
2.60532e+06
2.60532e+06
2.60532e+06
2.60532e+06
2.60532e+06
2.60532e+06
2.60532e+06
2.60532e+06
2.60532e+06
2.60532e+06
2.60532e+06
2.60532e+06
2.60532e+06
2.60532e+06
2.60532e+06
2.60532e+06
2.60532e+06
2.60532e+06
2.60532e+06
2.60532e+06
2.60532e+06
2.60532e+06
2.60532e+06
2.60036e+06
2.58631e+06
2.58631e+06
2.58631e+06
2.58631e+06
2.58631e+06
2.58631e+06
2.58631e+06
2.58631e+06
2.58631e+06
2.58631e+06
2.58631e+06
2.58631e+06
2.58631e+06
2.58631e+06
2.58631e+06
2.58631e+06
2.58631e+06
2.58631e+06
2.58631e+06
2.58631e+06
2.58631e+06
2.58631e+06
2.58631e+06
2.58631e+06
2.58631e+06
2.58631e+06
2.58631e+06
2.58631e+06
2.58631e+06
2.58631e+06
2.58631e+06
2.58631e+06
2.58631e+06
2.58631e+06
2.58631e+06
2.58631e+06
2.58631e+06
2.58631e+06
2.58631e+06
2.58631e+06
2.58631e+06
2.58631e+06
2.58631e+06
2.58631e+06
2.58161e+06
2.58161e+06
2.58161e+06
2.58161e+06
2.58161e+06
2.58161e+06
2.58161e+06
2.58161e+06
2.58161e+06
2.58161e+06
2.58161e+06
2.58161e+06
2.58161e+06
2.58161e+06
2.58161e+06
2.58161e+06
2.57472e+06
2.57472e+06
2.57472e+06
2.57472e+06
2.57472e+06
2.57472e+06
2.57472e+06
2.57472e+06
2.57472e+06
2.57472e+06
2.57472e+06
2.57472e+06
2.57472e+06
2.57472e+06
2.57472e+06
2.57472e+06
2.57472e+06
2.57472e+06
2.57472e+06
2.57472e+06
2.57472e+06
2.57472e+06
2.422e+06
2.56091