2.83198e+06
2.81619e+06
2.8371e+06
2.80933e+06
2.80933e+06
2.82428e+06
2.81996e+06
2.81637e+06
2.80472e+06
2.80472e+06
2.79573e+06
2.80537e+06
2.80537e+06
2.80831e+06
2.77099e+06
2.80844e+06
2.80844e+06
2.80844e+06
2.79654e+06
2.80524e+06
2.80524e+06
2.7885e+06
2.80706e+06
2.80706e+06
2.78743e+06
2.79814e+06
2.79814e+06
2.79814e+06
2.78941e+06
2.78941e+06
2.79194e+06
2.78349e+06
2.78349e+06
2.78349e+06
2.79637e+06
2.79637e+06
2.79637e+06
2.78555e+06
2.79637e+06
2.79637e+06
2.79637e+06
2.79814e+06
2.79814e+06
2.78648e+06
2.7966e+06
2.79814e+06
2.78093e+06
2.78093e+06
2.7787e+06
2.77716e+06
2.7787e+06
2.7787e+06
2.74902e+06
2.74902e+06
2.74902e+06
2.74902e+06
2.77809e+06
2.78059e+06
2.78096e+06
2.78096e+06
2.78461e+06
2.78461e+06
2.78461e+06
2.78461e+06
2.78461e+06
2.79e+06
2.79e+06
2.79e+06
2.76821e+06
2.76821e+06
2.79e+06
2.79e+06
2.7781e+06
2.7781e+06
2.77576e+06
2.7781e+06
2.77635e+06
2.77784e+06
2.77784e+06
2.77784e+06
2.78571e+06
2.78571e+06
2.78571e+06
2.78571e+06
2.76876e+06
2.76907e+06
2.76631e+06
2.72806e+06
2.76631e+06
2.76454e+06
2.76454e+06
2.75829e+06
2.75829e+06
2.75829e+06
2.75829e+06
2.75829e+06
2.75829e+06
2.7568e+06
2.75611e+06
2.7568e+06
2.7568e+06
2.7568e+06
2.7568e+06
2.7568e+06
2.76667e+06
2.73458e+06
2.76353e+06
2.76353e+06
2.77792e+06
2.77338e+06
2.74804e+06
2.74804e+06
2.74898e+06
2.74898e+06
2.74898e+06
2.74898e+06
2.74898e+06
2.74873e+06
2.76322e+06
2.74112e+06
2.75781e+06
2.74839e+06
2.75739e+06
2.75739e+06
2.75739e+06
2.75739e+06
2.76322e+06
2.74925e+06
2.74925e+06
2.74925e+06
2.72669e+06
2.74925e+06
2.74029e+06
2.74029e+06
2.74029e+06
2.74029e+06
2.75623e+06
2.76322e+06
2.7618e+06
2.7626e+06
2.77583e+06
2.77583e+06
2.77583e+06
2.77583e+06
2.77287e+06
2.76632e+06
2.77583e+06
2.76623e+06
2.76885e+06
2.76399e+06
2.422e+06
0.471697