2.83198e+06
2.8024e+06
2.76913e+06
2.74862e+06
2.73205e+06
2.71447e+06
2.71447e+06
2.71447e+06
2.71447e+06
2.71447e+06
2.71447e+06
2.71447e+06
2.71447e+06
2.70847e+06
2.70847e+06
2.70847e+06
2.70847e+06
2.70847e+06
2.70847e+06
2.70847e+06
2.70847e+06
2.70847e+06
2.70847e+06
2.70847e+06
2.68573e+06
2.68573e+06
2.68573e+06
2.68573e+06
2.68573e+06
2.68573e+06
2.68573e+06
2.68573e+06
2.68573e+06
2.68573e+06
2.68573e+06
2.67363e+06
2.67363e+06
2.67363e+06
2.67363e+06
2.67363e+06
2.67363e+06
2.67363e+06
2.67363e+06
2.67363e+06
2.67217e+06
2.67217e+06
2.67217e+06
2.65637e+06
2.65637e+06
2.65637e+06
2.65637e+06
2.65637e+06
2.65637e+06
2.65637e+06
2.65637e+06
2.65637e+06
2.65637e+06
2.65637e+06
2.65637e+06
2.65637e+06
2.65637e+06
2.65637e+06
2.65637e+06
2.65637e+06
2.65637e+06
2.65637e+06
2.65637e+06
2.65637e+06
2.65637e+06
2.65637e+06
2.65637e+06
2.65637e+06
2.65637e+06
2.65637e+06
2.65637e+06
2.65637e+06
2.65637e+06
2.65637e+06
2.65637e+06
2.65637e+06
2.65637e+06
2.65637e+06
2.65637e+06
2.65637e+06
2.65637e+06
2.65637e+06
2.65637e+06
2.65637e+06
2.65637e+06
2.65637e+06
2.65637e+06
2.65637e+06
2.65637e+06
2.65637e+06
2.65637e+06
2.65637e+06
2.65637e+06
2.65637e+06
2.65637e+06
2.65637e+06
2.65637e+06
2.65637e+06
2.65637e+06
2.65637e+06
2.65637e+06
2.65637e+06
2.65637e+06
2.65637e+06
2.65637e+06
2.65637e+06
2.65637e+06
2.65637e+06
2.65637e+06
2.65637e+06
2.65637e+06
2.65637e+06
2.65637e+06
2.65637e+06
2.65637e+06
2.65637e+06
2.65637e+06
2.65637e+06
2.65637e+06
2.65637e+06
2.65637e+06
2.65637e+06
2.65637e+06
2.65637e+06
2.65637e+06
2.65637e+06
2.65637e+06
2.65637e+06
2.65637e+06
2.65637e+06
2.65637e+06
2.65637e+06
2.65637e+06
2.65637e+06
2.65637e+06
2.65637e+06
2.65637e+06
2.65637e+06
2.65637e+06
2.65637e+06
2.65637e+06
2.65637e+06
2.65637e+06
2.65637e+06
2.65637e+06
2.6522e+06
2.422e+06
1.41639